1000
90:20552:V:996 107 61
448:95608:C:991 247 398
890:36445:C:284 491 68 297 778 65 363
644:78534:C:373
75:3884:V:136 29 110
896:81994:C:22
880:90364:V:127 322 894 414 677 822 521
194:65435:C:478 577
757:44790:V:558
689:24314:C:787 571 993
970:14812:V:160 762 577 620
137:32507:C:319 238 764 673 346
813:89401:C:494 148 164 807 329 387
812:91429:C:435 755 844 643 429 184 597 19 482 220 174 483 809
338:10414:V:692 630 608
126:80040:C:567 385 403 423
173:92926:V:361 286 625 824 549 667
961:78847:V:723 375 194 762 112
265:74347:V:9 398
434:37357:V:725 784 992
776:66525:V:309 106
482:7530:C:445 600 76 843
462:24759:C:512 703 272 382
125:12460:C:
714:21070:V:710 130 76 46 661 439 964 417
700:53974:C:368 133 883
736:41457:C:40 264 145 117
451:15412:V:
918:63245:C:598 224 94 436 597 240 986 474 674 359 671 149
109:42092:C:765 164 970 246 297
188:39902:V:332 294 207 110
148:26249:V:266 211 491 763 396
344:10359:V:597 969 351 794 411 692
36:22532:V:3 133 690
143:93582:C:64 63 241 765 223 517 905
940:11583:V:614 253 584
424:54376:V:331 796 632
996:34613:C:95
706:57686:C:269 910 322 241 612 137 894 661 326 617 801 802 493
524:16089:V:996 805 237
503:83191:V:562
850:64415:C:
39:33816:V:219
783:94624:V:787 595 679 345 642 641 210 850 759
668:75602:C:360
40:16423:C:
178:4787:V:144 985 271 347 269 540 831 247 699
219:7024:C:759
472:26478:C:117 572
217:65958:V:832 507 942
517:88328:C:914 776 200 739 296
211:73811:C:68 167 725
923:75710:V:741 651
468:48839:V:511 313 567 256 818 698 897 503 208
552:91372:C:884 66 872 135 803 468 186 58 736 548 562 405 725 431
402:58657:C:200 565
855:89046:V:254 502
982:88907:V:183 574 445 134 32 815 571 238 990 882 964 198
800:82743:C:259 161 703 368 315 297 883 8
0:58815:C:625 313 523 957 818 342 665
593:22040:V:722 575 457 318 555
273:47928:V:
588:43878:C:618 532
367:68093:C:969 821 828 123 272
310:5126:V:324 499 975 283 491 340 978 396 651
758:41015:C:30 619 889 678 642 231 393
592:60351:C:1 604 756 825 77 574 279 981 352 701 935 576 177
527:75535:C:748 296 881
160:45078:C:823 804
576:76577:V:
564:9259:V:82 547 673
854:13670:V:
936:78075:V:
848:2640:C:183 956 884 399 365 946 713 352 594 36
371:66272:V:90 547
399:5813:V:49 444 273 330 691 192
559:5840:V:745
621:6367:C:
269:14888:V:765 659 55 108 9 906 905
241:85401:V:765
112:24046:V:
852:23894:C:767 899 370 536 463 681 782 856 403 284 479
984:87238:C:138 963 330 120
781:22475:C:668
942:31267:V:
96:61338:V:511 863 483 502 112
358:87371:V:
442:42508:V:547
641:47908:V:75 584
530:23564:C:931 529 126 425 842
235:19442:V:675
546:62315:V:558
201:54127:C:369 145 577
964:28124:V:
305:72108:C:20 196 736 211
767:75560:C:146 899 663 389 109 84 286 261 831
716:25005:V:
390:48629:V:855 838 677 395 231 29
377:5452:C:427 872 433 746 859
140:45649:C:782 714 26 889 809 554
119:58561:V:
104:46250:C:338 373
376:7461:V:814 148 485 636 936 29
908:58635:V:134 855 550 808 368 472 61
697:30596:C:748 60
991:48704:V:278 411 630 620
887:54193:V:
113:55469:C:847 47 240 891 324 919 785 356 889 485 926 902 596
393:77929:C:
478:43941:C:576 558
53:80455:V:885 949 902 303
220:27039:V:814 251 741
473:41235:C:708 353 524 465 343 157 809 333 360
646:16203:V:
898:56336:C:668
672:26747:V:72 674 779 760 553 530 814 788 963
881:67628:C:
476:4518:V:
400:98045:V:180 855 824 641 692
952:97242:C:408 349 528 426 410
315:43831:V:294 532 720 988 88 728
739:26295:C:
966:75286:V:690
486:74224:V:
617:84104:V:
660:409:V:24 132 634 601 16 918 415 129 607 893 598 844 901 536 64 872 919 269 264 380
499:7282:C:212 312 788
187:98032:C:199 612 186 540 397
487:32328:C:
301:50799:C:587 40 408 629 696 805 833
540:87339:V:447 705 722 822 387
270:13305:V:316 174
306:90814:V:494 991 957 392 297 833 289
894:82282:V:925 722 585 403 264 661
261:30348:C:710 788 245 197 537 502
946:72137:V:45 176 494 138 491 484
209:5053:V:75
861:82212:C:224 435 648 976 421 574 986 271 286 316 708 524 748
16:81781:C:544 415 236 263 637 616 916 461 825 344 26 281 305 566 972
455:10497:V:77 378 144 597 937 681 453 286 0 38 593 981 806 661 155 5 243
100:80197:C:955 73 191 269 0 196 968
290:22711:C:551 12 582 603 758 815 126 457 123 768 357
396:84458:V:
293:83206:C:959 756 583 25 536 184 908 310 63 939 0 927 573 148 384 858 800 161 282 528 568 88
175:49734:C:119 951 629 992
924:27701:V:737 64 184 97 467 214 680 69 894 718 330 746 651
909:5436:C:732 500 510 311 626 649 775 907 57 867 132 634 601 941 918 920 861 129 236 131 139 982 52 606 847 173 225 872 939 928 708 46 566 345 210 410
71:22443:V:584
337:21734:C:311 626 870 775 57 867 79 24 132 206 918 249 93 563 876 916 812 437 542 959 767 146 583 94 178 18 760 69 523 68 978 179 533 904
647:39105:V:567 556 408 719 484
836:73058:C:975 910 171 940 641 82 728
48:94458:V:525 113 421 539 838 306 595 567 857 193 335 568
3:77943:V:978 646
766:92046:C:676 643 899 551 229 113 501 463 539 695 140 975 220 187 214 824 215 679 895 58 355 349 439
370:94104:C:436 467 603 134 932 49 187 213 736 14 257 642 804 570
566:15423:V:655
292:38931:C:195 109 241 171 838 53 211 246 842 172 71 431
933:60290:C:723 239 722 385 724 375 890 217 397 896 805 22
28:24035:V:929 20 806 667 935 896 534 490
221:30095:C:
406:94043:V:616 401 31 317 394 844 184 166 361 453 269 826 38 494 931 647 933 524 355 440 923 850 871
346:26385:V:892
895:30998:C:353 219
313:75448:V:633
727:99554:V:228 820 36 993 725 333 303
308:2294:V:149
799:14393:C:
2:63315:V:332 486 208
987:17772:C:998 737 967 536 78 216 171 760 813 927 148 858 724 866 890 764 374 207 136 874
550:3798:V:874
331:72508:V:838 306 772 644 352 20 369 120
582:28533:V:785 526 549 979 720 289
282:89196:V:
216:73131:V:49 331 352 811 817 121 562 994
88:77006:C:275 665 650
408:61357:V:393
242:97967:V:610 918 249 93 41 438 916 766 70 538 844 290 967 258 271 427 919 497 182 45 678 223 724 797 568 35 219
611:30764:V:691 88
606:87221:C:292 190 399 582 856 194 790 335
450:62438:V:428
873:84402:V:313 83 409 800 443 802
658:59261:V:874
481:86531:C:289
901:67599:V:693 184 614 265 636
598:41899:V:224 293 538 944 77 535 551 421 733 218 706 815
58:70998:V:
827:67471:C:333
554:75100:C:145 938
271:91495:C:195 815 414 312 808 615 150 630 110
417:22762:V:
172:45307:C:192
6:52457:V:109 356 126 763
489:58446:C:469
457:85293:V:736 801
480:36888:C:
307:88641:C:850 966
141:78160:C:313 126 679 576 481
954:60116:V:444 384 517 7 203 622
872:35531:C:135 38 130 409 943 650
288:37260:C:166 128 908 981 239 409 900 661 294 528 446 979 622
10:89737:V:
469:12523:C:
120:79395:V:
653:66748:V:909 732 504 500 311 626 870 202 867 16 941 116 415 869 461 592 844 583 753 536 792 190 891 298 680 981 858 980 991 68 559 641 570
907:77302:C:169 683 660 24 634 601 798 861 224 81 70 959 604 229 51 389 195 838 181 795 228 360
70:91199:V:643 899 520 178 606 454 285 482 298 581 603 407 444 644 723 278 343
785:21584:C:286 83 126 419 284
195:20010:V:813 54 385 786 993 472 514 739
726:56136:C:
703:41011:V:938
975:21745:C:855 573 485 37
304:84200:C:650
551:54898:C:824 460 575 349
620:38397:C:904
652:90360:V:680 492 980 359 875 198
4:85308:C:199 233 612 913 83 886 58 599 149
541:10529:C:666 937 389 66 271 539 134 433 109 678 553 69 593 788 828 458 14 897 692 773
565:47450:C:620
135:82624:C:910 462 125
7:48914:C:632
790:38099:V:342
610:61966:V:920 861 973 616 455 755 85 714 45 644 879 479 743 117 358
523:80152:V:321 851 385 20 55 564 426 82 988
59:81350:V:552 144 100 429 872 109 945 793 163 246 112
681:50888:V:220 356 432 981 449 364 565
704:36999:C:171 21 587 818 296
43:26793:C:605
256:64741:V:786 86 80 151
862:34896:C:249 729 893 756 956 344 884 574 591 815 286 390 74 91 743 576
324:72499:V:872 846 511 600 573 305 256 327 818 264 15 243 221
214:23592:C:430 239 724 827 5 646 805
368:19658:V:5 578 373 904 699
928:26084:C:137 600 940 857 875 703 746 145 630 725
189:40312:V:592 771 70 520 77 12 370 51 190 362 407 760 419 866 53 554 29
320:64151:V:809 387 743 197
420:14545:V:215 256 587 640 487 979
965:6809:C:28 897 39 410 964 452 690
740:76919:V:726 61
648:41548:C:860 94 967 270 351 445 635 226 827 996 408 641 5 198
454:56915:V:128 78 74 838 654 680 925 980 248 368 272 330 360
8:33760:V:
342:50752:V:
817:1415:C:29
317:20735:C:583 753 853 643 99 456 672 362 433 838 851 353 161 373
57:3437:V:683 685 93 129 236 637 893 766 455 94 25 113 322 83 895 564 9 133 431 177
123:73484:V:90 503 596
416:9154:V:439 684 562
238:70425:V:736 3 596 892
591:89155:V:815 220 770 550 282 746 655 125
773:42218:V:493
513:62713:V:40 368 133 33
255:84159:V:553 517 566 698 491
608:12573:C:773
418:83905:V:535 144 73 715 571 407 894 513 345 119 88
15:20162:C:
931:24592:C:573 414 877 717 44
431:23378:V:
170:55968:V:
495:13105:V:142 338 534 936
622:95124:C:428
988:17989:C:
357:3689:C:801 237
382:82752:V:
953:66745:C:275 505
25:88303:C:143 370 488 285 463 276 361 695 362 141 414 312 773
64:45620:C:758 515 839 321 647 822 392 554
116:26141:V:869 52 317 158 756 944 429 64 821 494 58 934 888 493
38:28322:C:348 724 868 875 726
202:29745:V:57 867 685 634 750 601 610 920 861 131 616 542 52 551 488 285 240 191 32 518 674 915 895 703 832
46:31189:V:353 914 465 829
20:52839:V:284 203 596 577 562 243
239:96474:C:567 513 282 102 355 752 974
237:40844:C:151
387:38952:V:728 451
778:63606:V:89
819:90627:C:986 114 589 340 68
627:61763:V:272 562
386:81584:V:
372:79373:V:
906:51760:C:297 121 829 555
977:18535:V:47 32 424 241 962 449 934 746 716 994
932:87966:V:390 0 273 979 95 904
208:36890:C:480
553:85467:C:644 828 543 632
911:14746:V:31 103 580 191 270 164 328 464 193 790 39 373 507
999:32449:V:891 310 400 530 239 28 359 273 914 631 307 599 235 333
825:93805:C:377 482 422 91 965 447 301 585 562 125 60
374:7117:C:
326:69953:V:
61:77845:C:
718:18108:C:
496:60356:V:731 38 316 710 837 866 879 993
432:29051:V:940 900 253 641 823 691 921
190:56626:V:985 623 969 19 515 571 104 887 697 88 469 295
460:44346:V:439 762
963:95720:V:949
664:68246:V:245 903
392:1132:V:673 395
865:44137:V:
562:85089:V:
103:8137:V:756 12 571 182 928 713 564 578 887 274 752 177
266:20405:C:991 718 119 170 35 61
962:59936:C:
731:92170:V:176 460 375 929 36
941:69135:C:918 878 798 93 415 263 563 973 686 766 455 911 995 987 899 989 597 336 47 499 731 821 186 301 196 974
294:51927:V:
22:81518:V:
749:73863:V:976 370 922 30 212 316 600 20
159:75620:V:532 434 151
956:72561:V:240 271 63 233 419 827 854 638 960 295
92:53616:C:375 524 912 892
772:3027:C:28 796 383
169:2682:V:634 941 862 236 812 995 158 937 173 187 114 447 20 868 854 382
228:85313:V:126 851 517 970 935 926
240:91918:V:702 975 214 654 678 511 53 818 272 13
831:42431:C:
229:97072:C:810 488 184 140 846 286 448 879 877 349 534
971:81256:C:
796:51795:V:640
595:56651:C:164 849 585 425 36 691 966 382 650
938:94957:V:372
184:32952:V:361 19 625 376 215 540 485 272 369 921 333 533
983:79855:C:602
815:76561:V:826 345 963 491 253 177
437:91774:V:81 911 995 767 1 535 64 258 367 681 735 168 915 813 328 857 160 559 342
891:26564:V:672 758 518 915 222 430 573 549 328 564 350 655
453:70967:V:954 21 141 176 444 723 614 594 267 840
311:84163:V:870 775 907 867 24 206 634 242 862 920 544 236 263 139 707 982 911 293 852 844 604 158 146 456 122 276 127 805
118:92045:C:
568:86831:V:95 554 197 888 60
707:76149:C:766 158 99 456 122 370 792 672 706 352 364 608
69:60923:V:313 161 890 307 978 618 373 547 921 303
768:72771:V:926
947:72432:C:
355:37683:C:145
206:52101:V:205 941 557 862 249 544 861 616 48 999 59 229 454 226 212 130 83 962 254 934 53 687 323 579
158:98615:C:418 810 976 530 722 234 40 804
670:99965:V:557 918 249 415 236 401 669 435 158 122 229 64 606 501 292 168 152 222 54 343 246 332 80
127:41563:C:214 181 612 765 83 403 897 896 711 303
797:25997:V:124 645
350:4860:V:568 509 673 89 905
284:26266:V:392
77:38908:V:937 166 225 381 689 612 879 698
802:12882:V:
225:12199:V:400 269 946 689 652 625 96 553 354 679 76 13 197 570
549:40501:V:259 890 193 350 82 558
870:77506:V:775 907 867 206 205 941 544 729 131 780 916 982 767 48 583 998 258 606 367 715 466 470 582 975 687 360 904
65:29095:C:22 570
597:1777:V:292 362 49 787 724 256 163 887
251:15812:V:754 480
995:56787:V:771 70 158 418 681 986 603 109 704 135 4 226 560 647 108 768 217 996 528 902 89 117
531:98815:C:
373:5904:C:942
115:69781:C:
168:94239:C:571 220 617
333:11869:V:
851:17467:C:834 818 90 309
285:43503:C:891 135 49 856 561 28 903 532 699
849:40899:V:868 827 102
29:87200:V:
853:57716:V:496 419 802
234:88865:V:564 486 809
889:32618:V:355 397 636 618 620 110
291:57329:C:228 723 849 868 355 480
625:2158:V:21 644 305 764 629 534
801:25935:C:974 805
589:2808:C:414 448 849 419 517 948 671 350 408 902 484 596
615:46357:V:160 402 691 521
806:20888:C:513
793:26085:C:614 677 790 996 762
493:97751:C:
514:88058:C:
556:10101:C:350 374 964
223:10935:V:934 822 90 374 434 360 994
904:89129:V:
18:84982:C:19 399 603 225 932 186 448 138 879
248:65391:V:262 904
429:90805:V:134 526 961 656 239 885 175 947 584
693:11878:V:377 574 986 271 351 134 214 961 350 302 739 904
98:23862:C:231 71 699 892
252:18253:V:944 976 370 389 751 445 758 347 910 800 929 744 121
935:61994:V:972 841
843:99587:C:332 142 734
471:13253:V:
696:42504:C:829
259:47570:V:479 548 330 638
929:37477:C:897 374 192 498 333
33:31003:V:71
687:73802:V:335 443 39 200 577 974 690
943:53944:C:472
375:28744:V:738 562 346
602:39963:V:
395:2948:C:629 22 451
297:38427:C:396 547 633 110
578:7922:V:
146:40505:C:901 113 561 811 2 210 440 888 632 622
364:63909:V:671 369
810:7559:V:344 967 11 173 336 400 72 813 708
607:44510:C:669 435 455 592 648 525 643 122 663 378 271 539 467 127 322 652 849 837 614
981:98958:V:858 307 757 507 133 480
939:16031:C:331 889 530 384 441 718 831 350 338
877:77162:V:615 294 618 373 655 938 562
166:39908:V:191 134 356 625 494 772 600 160 721 39 185
475:3160:V:382 177
24:53936:V:132 670 557 918 798 93 41 139 707 394 146 271 872 74 824 507 325
162:2130:V:968 342 960 208
759:79370:V:
153:27471:V:196 817 902 382
62:47012:C:385 153 368 355 668
244:6167:C:782 678 713 585 543 55 68 943
405:9297:C:
708:31739:C:940 736 2 425 661 768 237
949:49772:C:243 112
17:68100:V:94 122 421 681 313 444 352 371
774:7310:V:
51:3905:V:430 703 636 13 942
215:58315:C:894 573 788 642 39 382
470:29341:V:582 496 800 980 204 859 988
138:93784:C:923 431 363
787:56697:V:788 952 200 537 784
245:33954:V:587 86 716
974:97943:C:
272:93834:V:355 555
394:46595:C:860 146 583 456 551 113 389 63 674 214 212 69 523 991 163 694 297 699
722:27022:V:828 774
690:45589:C:
526:9214:V:69 460 723 239 957 843 397 446 997 177 904
67:92817:C:875 809 5 296
502:16120:V:
828:66273:V:896 221
913:8848:V:511 444 126 328 632
161:33737:V:914 875 107 82
782:17697:C:919 127 45 600 962 877 486 10 974
769:21478:V:454 635 238 837 594 843 289
944:82622:V:290 693 706 497 940 797 307 40 576 558 565 185
507:44128:V:602
989:58554:C:998 737 792 515 975 281 647 238 327 14 972 82
992:50196:C:
973:37487:V:982 686 81 592 613 166 681 467 530 138 828 879 272
972:54562:C:117 490
522:8314:V:963 831 746 545 304 372
846:91481:C:408 531 883
845:61963:V:433 496 30 84 968 307 3 155 117 502
192:5076:V:
601:75487:V:242 557 862 249 412 876 771 535 288 184 847 11 85 453 986 470 447 981 238 449 841
274:42056:C:
650:80806:V:773
380:4756:C:740
296:64362:C:
30:71609:V:331 430 318 411 104 439
534:1644:V:15 533
55:62294:C:264 36 200 295
732:75789:V:504 500 337 311 626 870 775 169 685 205 750 601 242 941 610 707 224 542 987 767 183 666 19 506 72 928 301 809
155:78649:C:743 579
864:65157:C:392
361:93809:V:917 581 470 582 168 980 677 332 350 308 35
276:28292:V:474 459 53 481
572:76305:V:994
117:62556:C:892
905:66850:C:
811:18958:V:687 175 632 133
177:58163:C:296
922:2699:C:18 603 362 140 758 794 187 50 915 331 306 713 962 684 112
795:27710:V:460 806 718 53 246 717 618 95 554 395
816:76177:V:
231:77993:C:
280:59043:C:361 581 582 758 674 954 181 889 314 284 211 426 902
414:83298:V:411 68 387
834:82140:V:411 307 425 80
83:29940:V:137 485 359 368 9 629 60
398:75985:V:
883:80696:V:620
97:55106:V:191 270 635 63 347 321 161 952 740 988 829
885:91614:V:374 896 338 136
500:70082:C:510 311 870 775 867 169 660 601 941 878 93 861 598 334 105 999 103 580 183 520 998 429 910 889 274 297 673
149:85458:C:
224:13679:C:435 52 852 987 456 944 967 78 422 433 782 28 936
638:39538:C:534 829 275 451
539:10684:C:154 430 984 364 442 905
663:90352:V:508 173 78 695 182 222 186 925 457 2 284
258:80432:C:815 74 779 962 849 385 806 811 340
678:91733:V:
54:93949:C:642 107
560:89396:C:547 537
295:78490:C:
893:17612:V:916 707 401 709 542 937 574 785 824 727 254 788 449 764 636 641 840
93:47216:V:263 869 139 81 551 482 63 765 164 858 914 823 396 383
979:63887:V:801 784
978:80444:C:332 235 296 198
488:66331:V:666 389 292 515 710 595 449
728:3718:V:
430:99064:C:432 354 874 405
925:77472:C:543 843 217 428 997
249:36209:C:861 131 401 686 81 592 293 538 860 944 144 792 78 574 271 32 127 260 652 316 313 53 44 503 89
900:362:C:746
21:97878:C:375 550 14 22
775:57332:V:57 24 685 206 862 920 249 861 56 41 616 766 52 959 552 454 276 908 241 787 390 585 196
926:60691:C:841
348:53536:C:96 886 566 486 528 757 994
243:74015:C:208
618:3736:V:993 498 720
446:65502:C:816 992
345:67372:C:730 968 368 39
136:41788:C:630
798:98541:V:861 131 438 709 987 848 103 229 976 377 681 986 186 273 411 397 841 451
281:89208:C:849 875 107 624 472 620 151 892
683:12826:V:206 862 920 878 544 415 263 916 437 542 995 394 105 378 51 73 241 889 264 691 936
329:20178:C:119 618 493
637:95002:C:139 401 911 538 1 999 73 255 612 165 90 646 227
316:40383:V:281 108 343 896 235
986:48816:V:470 474 433 30 553 91 353 912 897 89 521
413:26437:C:806 831 39
423:9719:V:
574:21868:V:635 932 826 111 177 29 690 480
666:17770:C:518 38 313 278 996 201
921:83533:C:841
156:46448:C:860 998 847 454 292 470 215 485 567 895 768 717
712:44979:C:
959:91813:V:1 756 583 144 704 946 226 928 589 656 723 138 703 188 121
832:29062:C:
990:87011:C:799 745 622 773 151
210:15580:V:833
985:93027:V:173 574 880 298 218 140 168 171 678 927 76 7 565
181:98757:V:430 162 86 115 304
246:26714:V:559 996 554 309
997:97729:V:
579:38233:C:185
642:47029:C:565 840
616:39999:C:437 542 536 847 134 135 839 199 413 165 245 817 450
519:36309:V:443 629 688
548:1248:V:398
842:45333:V:
347:14604:C:30 794 760 114 981 569 349 363 185
713:79009:C:546
701:63007:V:209 340 119 688
784:57901:V:
897:2625:V:859 89 10
639:15136:V:780 893 669 435 156 860 183 99 792 292 735 582 400 283 724 305 718 374 531
233:13472:C:713 540 708 925 788 175 332 842
958:87900:C:
419:70069:V:307 827 167 528 586 896 871
254:35286:C:462
461:59870:C:766 525 606 985 73 298 195 375
356:36254:V:154 931 722 197 452
330:78718:V:
404:2545:V:
267:75187:V:576 547 395 668 88
675:43021:V:
467:67836:V:433 710 945 485 929 548 983 888
756:80446:V:370 285 73 361 324 362 168 43 193 831 897 402 396 208
699:6326:V:
655:7134:V:
41:44255:V:42 780 437 959 377 362 225 45 540 444 239 58 410 632 514 579 110
709:10131:V:676 844 48 183 229 436 128 47 986 603 220 459 698 3 29
191:92670:V:539 38 473 573 409 35 576 558 572
441:71587:C:175 531 638 966
492:51225:C:800 517 564 315 294 274 668 323 434 360 393
847:20447:C:292 361 240 539 427 815 928 316 425 642 450 207 964
584:54259:V:
512:5063:C:935 396 596 622
128:14041:C:839 214 566 329 204 335 402
967:20620:V:73 582 702 758 142 117 120
743:87034:C:402
760:70278:C:550 119 357 902 645
771:36355:V:144 377 285 672 603 772 723 712
657:99960:V:396 801
504:13760:C:500 510 311 870 775 907 79 24 132 206 634 242 862 249 544 116 563 789 70 987 27 681 482 467 225 975 946 599 843 486
35:51296:V:
719:4342:C:120
353:81124:V:13 60
735:36946:V:216 171 108 392
336:27210:C:574 361 182 45 593 62 354 353 957 80 294 859
388:47655:V:
122:71292:V:378 810 344 370 280 496 63 72 889 385 68 145 871 296
640:11898:V:350 947 668
569:98566:V:138 343 833
599:20981:V:179 537
841:3127:C:
82:95614:C:
950:1956:C:422 286 407 802
339:95706:V:
888:8666:C:622
449:65066:V:301 790 360
314:50190:V:119 358
154:26757:C:174 772 858
349:7580:V:596 622 720
626:67504:V:870 775 907 202 867 169 132 206 634 670 610 116 415 236 729 637 437 317 852 1 604 899 122 66 735 760 530 239 165 2 118 502
575:90041:V:259 524 934 480
724:47690:V:863 832 346
204:82809:C:711 208
770:77583:C:460 464 13
268:91071:C:
403:40612:V:687 329 61 112
205:505:C:670 557 610 918 249 93 56 129 131 637 224 771 767 525 105 825 146 899 606 482 499 140 658 430 137 705 694 117 185 480
859:84035:V:699
477:860:V:748 363
132:29531:V:206 610 93 729 916 401 676 852 290 12 240 986 603 4 182 661 935 102 207 121
501:77811:V:389 166 421 470 134 815 680 927 517 161 196 341 479 294 197 994
196:64943:V:465 993
761:9551:C:
435:59278:V:959 583 956 967 792 501 463 225 109 127 171 226 407 430 593 58 934 687 952 605 570 295
94:87724:C:144 258 78 467 706 182 537 247
643:28709:V:122 178 113 536 184 285 908 269 946 390 464 379 991 698 326 397 253 200 358
72:68320:V:286 553 414 34 958 404 289
794:63062:C:826 21 419 328 340 395 960
445:96728:V:127 49 4 494 679 90 350
737:65555:V:51 421 298 515 689 187 814 894 644 929 340 923 690
969:85702:C:702 485 849 679 36 605
635:52170:V:400 787 680 165 425 14 86 392 942
803:30181:C:814 886 332 949 295
677:26952:V:259 786 86 329 608
81:92377:C:755 535 51 704 785 714 154 193 797 768 119 274 577 275
260:78869:V:856 931 28 397 740 303
185:52498:C:
334:5888:V:676 580 520 693 998 937 733 111 765 553 379 818 532 295
536:92894:V:792 463 195 839 826 710 254 375 458 307 763 791 651
264:61991:C:498
680:98225:V:593 432 772 2 993
397:37793:V:373 502 690
56:26137:C:224 911 789 676 987 94 12 925 108 768 745 936 493
623:72032:C:66 797 491 450 357 5 13 502
505:99913:V:
147:74130:C:715 351 324 836 6 787 571 698 340 897
359:77724:V:703 997 892
74:91028:C:306 40 272 82 13
49:89062:V:306 744 483 237
777:15164:C:840 237
121:98820:C:145 638 323 584
369:28788:V:662
381:32296:V:838 770 554
695:25667:C:180 233 530 573 868 828 934 295
263:48039:V:598 686 604 860 501 216 283 931 594 831 994 835
262:12113:C:921 791 651
511:73256:V:283 238 46 948 934 972 509
994:82865:C:
494:42342:C:254 409 828 95 602 633
47:26560:C:794 511 409
871:75552:V:801 572
744:55432:V:673 121 791
583:73839:C:456 94 924 792 769 733 672 571 652 186 91 148 238 165 153 329 804 630 431
705:14409:V:457 14
544:90713:C:401 293 753 456 693 11 794 279 612 444 886 857 36 843 622 570 110
391:25484:V:177
886:15412:C:332 387 121 725
867:44860:C:132 610 916 766 709 592 753 17 418 292 85 324 706 390 600 925 301 305 817 439
659:55490:V:374 107 120
421:26150:V:324 836 975 919 954 226 174 232 83 460 858 355 655 521 469
580:29125:C:436 184 715 581 794 220 821 560 37 800 425 888 655 673 121 762
686:58754:V:766 435 418 693 378 229 967 681 758 226 855 795 511 256 667 952 964
669:73820:V:31 317 987 525 158 47 714 984 419 567 213 614 947 514
856:51075:C:647 594 442
920:65733:V:798 861 129 563 930 707 982 669 995 663 12 454 324 171 74 212 397 450 117
876:31604:C:987 105 580 17 100 488 421 271 695 182 384 522
596:93664:C:110
968:55216:V:764 904
389:84562:C:166 298 422 407 101 21 961 419 522
679:97031:V:465 972 558 565 136 690
733:18877:V:838 856 460 396 296
13:44683:C:
60:30328:C:
165:42692:V:952 882 387 95 476
857:8843:V:162 679 3 559 250 621 942
808:94819:C:703 274 296
510:88085:C:311 870 775 683 24 132 206 601 16 557 610 544 131 401 755 860 825 643 418 998 967 47 361 674 212 625 154 895 565 480
605:19509:V:
443:13660:C:
464:15131:V:425 671 192 720 997 275
12:12270:V:344 967 847 702 331 385 679 864 524 811 890 885
76:9522:C:235
428:3081:C:988
379:32022:C:696
691:24290:V:921 668 762
298:45220:C:84 111 214 376 927 980 217 882 5 547
11:37572:C:733 279 366 148 259 161 963 302 395
226:17517:V:826 523 929 807 273 345 781
791:28490:C:633 645
516:73236:V:305 326 717 665
892:45214:V:
654:51511:C:843 746 503 620
753:24599:V:183 456 944 551 389 872 782 654 595 416 409 267 963 602 570
518:42302:C:760 710 494 20 2 197 960 833 816
144:54253:V:47 474 176 940 516 509 757 502 802
378:59295:V:737 113 0 212 384 14 368 746
31:94027:C:844 146 693 967 508 595 248 483 997 88 471
479:3631:V:160 44 743 61
444:8633:C:384 213 912 345 687 440
674:41138:C:214 513 885 717 503 673 243
164:35918:V:522 160 374 325 33
459:72098:C:679 828 948
545:58125:V:369
247:54357:C:231
163:98810:V:761
352:57438:C:278
385:30701:C:314 284 160 903 636 302 859 673
746:11906:C:641 287
581:56005:V:347 171 359 341 554 476 295
779:12764:V:331 416 698 369 883 434
702:41207:C:187 45 821 931 514
318:86942:C:566 934 554 346
665:497:C:
557:22224:C:598 709 52 959 535 122 135 913 589 137 945 524 609 396 791
52:86961:C:77 737 819 276 199 595 522 594 564 887
525:87183:V:252 792 499 30 674 74 821 779 517 256 877 151
436:74766:C:19 474 30 821 703 588
383:48830:C:405 774
433:86608:C:63 975 919 241 779 154 772 644 414 962 517 268 253 61
133:57856:C:
463:76420:C:399 515 30 910 658 83 894 148 375 163
299:83785:C:772 14 289
200:32223:C:289
411:43132:V:40 425 309
532:69214:C:997
934:45485:V:537 106
327:28949:V:209 163 947 207 309 149
309:76503:V:874 151
619:40247:V:913 600 569 273 284 903
198:28619:C:892
171:81136:V:87 209 108 830
253:86682:C:791 762 198
528:74289:V:748
412:66355:V:563 639 930 592 767 48 860 956 792 336 298 222 174 20 806 209 661 98 994 759
804:29390:C:
720:78300:V:
407:5346:C:313 593 849 138
124:92393:V:391 992
218:57907:V:216 788 76 548 330 89 534 110
869:21471:C:982 401 669 709 542 52 317 755 70 767 860 456 520 976 518 760 680 814 449 305 314 245 519
585:78437:C:527 641
363:3397:V:
916:96026:V:139 437 435 70 520 488 336 482 910 4 186 600 213 340 170
213:63890:V:68 349 533
427:78666:C:225 678 313 284 397 495
114:74237:C:678 524 811 82 850
321:36872:C:934 605
656:22313:V:259 700 903 531 29
106:39075:C:125
85:27921:C:880 270 706 91 164 211
829:81478:V:
105:36304:V:860 663 285 985 66 891 981 409 857 502 802
590:21164:V:508 937 539 32 794 356 96 664 984 671 988
150:40539:V:611
354:37491:V:585 827 768 935 655
384:35221:V:587 67 790 274 237
837:12872:C:831 531 98
750:69969:C:670 610 878 116 616 147 70 756 976 258 310 168 291 214 593 705 948 513 744 307
878:80950:V:56 129 869 563 780 224 1 604 158 183 899 77 998 488 474 496 220 824 772 416 465 559 650
490:98897:C:
755:15807:C:956 666 298 72 226 657 575 677 556 835
858:81589:C:301 996 936
747:23976:C:698 335 104 120 149 833
937:88420:V:939 300 464 877 667 748 570
860:35052:C:989 195 714 283 940 312 890 947
717:5081:V:145
325:31438:V:29 830
232:61979:V:687 44 809 235 360 151
729:42626:C:131 455 771 737 508 783 421 985 715 932 856 213 858 587 359 902 629 363
275:70997:C:
927:70897:V:940 43 58 483 898 192 289
366:11039:V:114 593 419 701 806 102 149
283:21641:C:87 53 716 802
107:53035:C:537 476 833
976:24626:V:190 733 836 946 111 705 329
840:22504:V:
915:56839:V:855 765 402 274 840 417
277:23951:V:507
5:67535:C:
91:42739:C:614 320
286:63460:C:824 569 196 790 994
698:50991:V:388 125
577:48441:C:
807:24231:V:193 479 565 629 533
257:21633:C:
335:41922:C:887 923 874 696 8
561:33149:V:305 392 35 192 309 472
682:26325:V:89 8
542:67447:V:455 293 749 552 536 847 285 166 582 134 430
289:70408:V:
824:30059:V:444 718
197:74515:V:297
914:6581:C:194 875 61 699
721:91949:V:498
529:9398:V:962 20 790 990 200 89
426:7097:C:960
628:14838:V:915 677 53 935 972 865
844:20289:C:377 847 190 18 735 733 567 879 359 687 717 642 993
902:8725:C:431 739 363
763:66631:V:691 905 688
738:95735:V:
630:56408:C:997
632:65398:C:230
538:98971:V:525 99 847 666 872 560 710 37 863 587 978 752
101:18680:V:316 530 631 786 90 964
586:96551:V:60
960:72861:V:
466:95006:V:952
145:71701:C:
157:29010:V:71
506:45591:C:72 674 413 940 656 522 108 734
822:21966:V:204 503 476 988 584
903:79672:C:320 773
671:77745:C:155
491:2866:C:102 531 745 748 696 219 451
899:10019:V:290 749 454 166 751 66 530 814 447 647 764
948:35541:C:465 264 777 483 829 521 60
673:36081:V:874 773
312:78826:C:722 594 458 90 576 323
754:31600:C:287
63:10910:C:400 919 331 352 486 320 392 35 742
951:96647:V:
730:66483:V:102 104 888 682 712 398
830:13745:C:
809:49521:V:840 728
742:97491:V:
945:52062:C:414 37 554
80:19118:V:320 393
1:96550:V:825 143 436 539 467 473 945 76 841 692
66:67833:C:880 23 407 283 80 5
919:37444:V:213 503 799 243
587:7458:V:481
814:41685:V:713 447 573 460 849 677 786 320 10
79:47404:V:683 205 920 41 406 224 437 911 146 693 937 18 191 511 927 644 594 923
676:76881:V:128 760 212 238 123 576 172 650
23:66107:V:63 216 571 826 928 164 575 375 863 736 935 558 720
662:1083:C:386 816
563:91979:C:686 771 676 70 538 950 456 551 173 78 298 195 316 384 978 136 650
86:23675:V:80 761 802 219
792:20962:C:166 66 241 45 589 511 489 136 841 382 942
447:82089:C:863 964
227:56520:V:185
362:89423:C:511 793 522 385 980 879 90 618 514 393
302:20215:V:230
303:25883:C:
826:54822:V:652 713 594 833
613:18367:V:891 919 127 84 279 187 779 174 931 385 968 207 887 277
649:30167:C:775 907 867 169 683 24 132 563 893 812 455 52 999 643 113 666 454 190 66 782 625 176 54 593 485 895 9 531 902 208
684:39898:C:
993:62422:V:39 690
571:12879:V:654 318 211 476
567:52827:V:335 82 964 638 801
537:57622:C:383 8
741:38451:C:534
203:29233:C:476 185
751:43387:V:270 758 322 839 126 548 532 490
230:63391:V:
415:53459:C:263 973 131 637 401 911 52 755 852 767 944 749 143 847 454 85 836 872 591 322 331 69 644 701 483 923 133
636:59558:V:781 434
439:31370:V:120
823:84155:C:277 773
110:19658:V:
535:80012:C:819 270 306 137 460 465 661 339
484:66293:V:15
222:76162:C:612 710 795 931 14 374 82 490 60
498:38516:V:
34:8135:C:179 651
734:40160:V:871
570:21714:C:584
879:7160:V:
604:7604:C:191 298 427 758 220 114 239 458 44 850 112
167:7437:V:133 243
882:36270:V:274
322:18434:C:674 714 522 92 631 2 68 387
723:59485:C:254 28 786 952 809 5 577 149
401:94889:V:648 158 178 908 168 946 130 614 513 329 509 89
555:74456:C:
207:63324:V:75 95 503 287
821:57954:V:341 903 294 439 762 936
509:71507:C:565 801
236:2789:C:263 412 766 844 48 853 944 520 25 998 541 336 919 731 594 914 248 106 584 110
780:88751:V:437 766 455 52 31 394 853 496 515 518 291 575 857 161 278 618 923 480
456:10494:C:488 714 74 130 788 3
440:8356:C:
139:70820:V:707 709 592 538 1 158 643 520 399 672 794 808 163 326 531 738 88
108:82788:V:160 762 237
250:35361:V:208
410:12200:C:297
912:76866:C:194 90 746 207 136 645
287:1981:C:106
42:70933:V:780 616 916 707 224 982 911 995 676 394 604 580 753 344 501 18 681 733 140 589 540 981 254 272
193:97624:C:159 694 618
715:44087:C:467 845 782 135 846 713 656 28 352 923
102:28960:C:443
868:80730:V:736 108 160
438:93710:V:982 189 317 844 583 590 292 582 96 483 947 888 992
174:33677:C:708 28 622
874:57284:V:726
212:3921:C:940 256 349 387 964 537 690
835:77451:C:
27:35389:V:753 899 94 378 977 78 127 815 161 266 483 728
474:39324:V:889 980 2 335 888
465:96003:C:188 477
99:54225:V:25 976 488 389 466 279 96 889 856 459 138 340 642 121 177
151:49871:V:
508:9282:C:377 606 597 421 399 195 855 814 282 481
631:77925:V:5 974 493
9:3591:C:502
788:60103:V:375 980 877 108 602
179:50148:V:
182:69201:C:701 636 947 773
957:53201:C:
820:40297:C:608
129:48417:C:930 709 755 643 535 113 166 195 467 652 625 26 765 430 460 736 997 303
875:48471:V:207 392
515:24430:V:659 631 53 881
980:86589:C:256 720
409:48770:V:2 979
694:67528:V:572 699
910:67211:C:92 305 411 405 514
14:1449:V:326 369
483:36318:C:888 645
521:54077:V:
624:62491:V:547 716
603:43368:C:706 84 664 154 595 517 7 694 350
19:2945:C:603 433 180 826 589 927 900 486 443 521 8 151
543:87424:V:717
629:13834:C:883
458:78313:V:121 8
142:14282:C:791 112
765:83819:V:494 931 849 747 410 697
692:68158:V:481
998:69903:C:12 737 678 814 411 757
365:17417:V:30 526 779 76 957 684 382
764:80555:C:9 251 145 382
752:79473:C:452 115 393
199:57045:V:137 369 829
884:35227:C:672 927 722 513 345 36 483 373 748 237 303
452:56608:V:333
930:61060:C:406 538 183 454 733 299 886 67 808 829
183:62565:V:51 173 574 908 114 200 237
32:49613:V:400 168 595 748 675 904
485:26551:V:87 256 457 2 740
633:44262:V:
725:59291:V:493
323:18859:V:
863:15636:C:935 781 532
838:33234:V:222 857 256 403 744 903 809 475
866:21259:V:822 627
520:62226:C:666 85 240 470 674 294 35 757 596 136 784
45:34085:V:174 194 631 850
300:65054:C:524 142 830 505
612:35407:C:420 83 595 858 800 161 587 107 555
279:98797:C:680 465
645:87249:V:
685:2810:C:132 206 634 601 610 56 77 873 526 447 925 886 304
111:65431:C:965 83 807 559
762:10843:C:
688:72311:C:
573:72425:V:722 211 671 374 142 734 325
634:83702:V:205 557 93 406 707 852 183 944 378 956 508 195 702 928 838 851 264 207 503
26:7091:C:895 677 119 642 387 823
422:50526:V:628 322 595 614 640 947 446 611 971
786:74375:C:102 953 805 833
710:92178:C:866 67 272 953 578
955:81820:C:11 581 975 794 28 273 330 207 801
332:66763:V:357 237
87:20773:V:464 20 608 881
594:13082:C:196 808
37:24506:V:677 209 123 392 185
84:67350:C:946 220 680 727 448 403 947 802
343:12050:V:605 638
340:26765:V:210 75 289
917:37364:C:127 497 286 226 407 212 722 395
839:37693:V:587 39 840 149
614:15292:V:587 968 34 630
176:62911:V:701 353 537
805:9542:C:
533:4024:V:
748:23606:C:
351:85609:V:244 135 74 834 827 246 979 757 726
89:42485:V:
134:26493:V:38 981 566 953 629
789:96103:V:852 105 344 749 389 361 695 702 400 919 813 69 164 153 566 655 784
745:13089:V:773
497:77389:V:731 723 162 828 211 217
50:5653:C:152 321 354 575 724 76 667 988
44:33190:C:
73:19801:V:181 965 194
131:91829:V:930 616 916 767 580 370 819 336 433 946 712 60
558:74702:V:
833:38489:V:
180:97235:V:834 211 843 102 450
341:17614:V:790 630
547:29799:V:565 762
319:24727:V:419 743 395 754 115 725 8
278:453:V:768 396 136 699
661:63413:V:268 397 832 960 296
818:79976:C:9 642 859 622 391 805
130:69758:V:680 851 353 318 694 871
600:96773:V:14 935 210 35 712 960
667:39166:C:145
609:66193:V:211 44 682
78:68742:C:652 366 364 897 734 974
95:38149:V:133
68:1485:V:662 297 802
360:98155:C:
152:73165:V:765 485 319 567 857 701 60
651:11019:C:
328:89339:V:449 790 742
711:23761:V:
186:40772:C:153 566 914 831 641 545 373 629
425:38352:C:340 763 326 547 716 992
2918895
1927139
2471492
2544083
1863459
2374244
2076896
1719657
2386895
2101120
2090800
2716034
2026668
2675719
2771216
2889873
1547658
1930961
2821222
1621611
2618412
1879616
1833388
2517985
2781658
2130568
2938701
2048393
2568593
2707030
1946311
2781717
2528474
2670407
2218794
1835037
2842235
1888369
2839188
2279033
2840818
2640537
1999390
2916007
2297450
2924992
2566361
2323016
2314342
2310384
1729640
1781002
2213461
1992857
1767190
1587479
1985577
2764158
2117823
2099759
1927625
1865232
1783328
2110876
1636913
1928956
2061590
2045871
2471274
2602937
2056056
2025255
1732901
1942855
2644956
2011082
1808618
2652854
2788371
2819120
2894003
2103108
1526258
2412561
2487179
2728643
2750647
2344302
2630419
1776801
2627303
1667759
2202458
2221204
2584848
2260190
2216805
2456163
2684861
1652815
