100
0:100000:V:
1:100000:V:0
2:100000:V:1
3:100000:V:2
4:100000:V:3
5:100000:V:4
6:100000:V:5
7:100000:V:6
8:100000:V:7
9:100000:V:8
10:100000:V:9
11:100000:V:10
12:100000:V:11
13:100000:V:12
14:100000:V:13
15:100000:V:14
16:100000:V:15
17:100000:V:16
18:100000:V:17
19:100000:V:18
20:100000:V:19
21:100000:V:20
22:100000:V:21
23:100000:V:22
24:100000:V:23
25:100000:V:24
26:100000:V:25
27:100000:V:26
28:100000:V:27
29:100000:V:28
30:100000:V:29
31:100000:V:30
32:100000:V:31
33:100000:V:32
34:100000:V:33
35:100000:V:34
36:100000:V:35
37:100000:V:36
38:100000:V:37
39:100000:V:38
40:100000:V:39
41:100000:V:40
42:100000:V:41
43:100000:V:42
44:100000:V:43
45:100000:V:44
46:100000:V:45
47:100000:V:46
48:100000:V:47
49:100000:V:48
50:100000:V:49
51:100000:V:50
52:100000:V:51
53:100000:V:52
54:100000:V:53
55:100000:V:54
56:100000:V:55
57:100000:V:56
58:100000:V:57
59:100000:V:58
60:100000:V:59
61:100000:V:60
62:100000:V:61
63:100000:V:62
64:100000:V:63
65:100000:V:64
66:100000:V:65
67:100000:V:66
68:100000:V:67
69:100000:V:68
70:100000:V:69
71:100000:V:70
72:100000:V:71
73:100000:V:72
74:100000:V:73
75:100000:V:74
76:100000:V:75
77:100000:V:76
78:100000:V:77
79:100000:V:78
80:100000:V:79
81:100000:V:80
82:100000:V:81
83:100000:V:82
84:100000:V:83
85:100000:V:84
86:100000:V:85
87:100000:V:86
88:100000:V:87
89:100000:V:88
90:100000:V:89
91:100000:V:90
92:100000:V:91
93:100000:V:92
94:100000:V:93
95:100000:V:94
96:100000:V:95
97:100000:V:96
98:100000:V:97
99:100000:V:98
1579361
9307842
2889214
1244500
5990210
9306275
91643
1683478
4549654
4942456
7730537
4928896
7782777
4333769
1202183
8492130
177214
6845014
6171159
7881262
3378879
7074020
4419774
3618083
1828482
1675987
1080299
3355553
3934701
9540135
8934361
8263963
1693834
1312797
8457716
2019424
1627141
2614158
9591222
7057526
1044794
9694068
4190203
4475999
1899710
6713237
4193097
5146763
5275738
9014167
7195203
8463404
4952731
6046638
4150418
9669808
3903109
9566166
6318508
8610779
3120721
8159936
5895947
5353542
9645803
9899894
2343625
411116
1934369
1004374
4393941
4700500
2186338
9046103
7754758
1728583
1892853
3660991
7706954
5258603
6630005
1777311
3005708
7944636
1315420
7966705
5845486
8691836
1568473
2059034
6859499
3315541
1028765
6565139
3604864
6928519
5849077
9735110
9377506
5908128
2805782
4899349
1911339
229285
3930084
3996510
847889
1930898
7644952
5364490
9273048
8777242
8865388
8867607
5127416
1546161
1280125
561593
8719199
9565177
3762869
6866660
5985238
9117794
8781456
1900165
7687792
1070690
1493742
8930379
1967085
947983
8363221
4879108
5196136
7837336
3419123
8939191
6679612
8882641
6932932
3422184
7108421
9263341
3696369
2563821
6207661
7233575
5109603
6427351
5065665
8583859
2713655
7114150
5359223
6389663
7898744
3218672
8546621
4438911
4176243
2777055
6003544
5661571
7719534
8511619
7078866
3935558
853907
3047945
9726183
1761126
5628155
2450397
9187352
8689832
4431903
1446014
4807810
3497418
7962393
4738507
1040604
653665
5953961
8573192
3046329
8733628
5225839
3317381
5555694
4647356
3353253
7664820
6320897
7103864
9389133
2061801
2915287
7650770
6069222
5227257
5767006
4868000
4292294
2775829
5455577
7023935
7641533
9513407
3159650
9338970
5941006
3849872
7965070
6419941
3085694
8963642
6684571
2125312
7895968
5206428
4450140
3540092
4869464
6383534
7789087
3609620
3903666
4902199
3168683
8935783
2665254
4684570
5647298
4692961
7775621
2114994
8588482
3663327
3212218
6802977
2277080
4998307
7579076
6247724
7926898
2052942
8673705
9151854
8861751
6066213
5363099
1827905
7661840
9441730
4345459
4591738
7574842
6499769
5927595
6810995
3496942
557989
5564330
9589822
4290247
4019529
5809298
8291053
8604864
894694
598585
8860142
3771638
3330493
7038689
4717461
7064342
9749915
2849646
8719985
7535993
968838
5009915
4703129
790974
3123019
8090836
9839485
5202642
2559052
7099122
5200221
7162466
7344111
6988613
3803321
6855214
2962421
8765960
2520762
4794972
104692
2131343
2780208
4197182
9836739
4784549
8610449
7852464
2337060
465628
6627051
388774
9759221
4458660
8841560
6290631
3578195
5168864
4795656
2567748
3574973
2235881
8517137
7171540
1694160
4374655
4760740
2724134
1600198
9722291
3463901
9717001
8003350
531919
4901805
2671441
6142593
5243014
9928443
9849255
8778110
2330972
4336450
6847903
4807584
1625813
64590
7824929
4867196
4207000
7648366
3234229
8333709
3865937
3857706
2124015
2069950
5990733
1837163
1805505
8205850
662428
7709278
5802590
9098090
3160091
7262788
4533822
7246859
2743160
6464098
1190920
5283806
3220681
756075
1539024
6944198
5708132
9804516
1920140
1546965
2143277
6995378
5957964
1733148
1610940
624713
459787
8313651
6762346
849464
1526360
4983040
2883418
3529386
4042628
6658217
3597762
1147176
7584485
570333
1998549
9245760
1548246
3409588
8949389
64036
4610817
8721175
4768404
6649528
3038377
9795471
3426455
729626
8734673
3130695
7941376
6946887
2447498
2542470
4752848
6217290
7976890
4776538
6340152
267279
7480658
7437427
8888994
2552260
1648525
9560533
2505263
2235588
2886457
6277509
8504436
7684164
7879453
7559904
8805650
5661472
568926
1865122
5709016
7676121
9283908
3990973
3906237
9775655
8467916
6229338
8220231
8129508
3180932
9325530
6674795
6302050
5260934
1418917
2903369
5729787
4615279
9406668
2630661
1261097
9414325
5637551
8796398
6198433
7952668
9187248
7705527
710091
7239035
6842909
6218247
5327926
8292864
2637207
917613
8664246
2519140
8217882
5792987
6680849
4202465
632253
1988242
6116204
1503389
4525044
8976166
3350365
4224161
3079095
2527513
164618
4048969
4717225
9041863
7532022
811500
3483393
7698146
2655538
5412092
9034932
388194
1271240
9916007
1439149
215870
5813217
6552314
7045004
7529942
2299410
6796835
9792050
8233792
2552440
9098710
2229449
1527391
6502461
4292973
1060222
1573074
2403552
8040619
2845791
902937
1764044
3206315
8970898
3418732
7092343
6255069
1002112
1537786
8301739
2155372
2203622
6587656
5771860
5207239
5434997
8032361
3434584
1911814
4228357
4326299
9923951
5431122
9964797
9503101
3245697
9917917
8482335
2326372
6577761
8564918
1795656
6420851
7630361
4351703
9135021
5073416
5842947
9291739
5219067
5950923
1694806
6203708
6201446
7369792
8946314
2188151
3920197
6658403
8956952
1298537
5064541
5299286
8151216
953089
9635317
1356761
6103967
1354391
2560072
1242129
5601927
7002084
8516455
6564518
4691978
1413472
1785099
1207602
4792429
9527383
4557880
6585803
535832
3784694
9717060
3661135
7660317
4989941
4829069
5818303
3952391
6834813
2869436
9831423
6130736
6164880
3327345
6594496
267560
7458462
7322028
9139253
6582276
6367963
9855744
2647729
5816306
862701
7689312
6048507
7965871
2197817
4072606
5101873
856522
6907302
1502100
9989125
1085655
5195021
8431398
3524684
2343465
9166309
4980829
6514999
7292363
1911141
9342094
2600110
7204859
9343509
8628730
8936098
5258469
5460452
1114676
8844790
6891728
9607629
1811214
6039899
7433037
660107
5384262
9835130
2307030
3600004
1840822
2225795
9266393
3358404
3826394
8794529
5703610
2201215
6325479
2147340
736483
9123985
4449223
3521
3531414
6870677
8954410
8393163
6256895
7948812
8955996
1567098
8271398
5201055
974195
6738289
6188553
8723887
2137772
1614701
766855
5085440
7200294
1557373
8213586
1411534
965948
7507666
3526836
2717212
7572858
1620436
4775547
5657986
7105411
8643908
9159184
2166793
555359
4387770
3793304
2876632
550685
8657836
3774523
2356013
6710994
8503573
2742007
7282976
2734151
6807105
6921785
5982831
4341278
6772019
2138614
7260237
9583987
9930998
1478011
9036318
4701332
5848152
1625345
8370297
1212616
4768317
7095498
191475
3618244
3676464
251855
8146516
6701790
2968751
6651040
9008319
5974386
867800
8564747
2961091
3972230
9684228
8016249
2049250
6995088
4284708
9352413
9559748
2992577
3227183
4682363
7399328
3214467
2535593
4493975
5058859
1060119
7387772
596174
9764737
7108657
7190179
1437732
6081375
839058
4113903
8750111
1722404
1534600
254534
9848222
7775531
4163633
3824793
7042836
3267986
3422481
7753601
8370552
9829151
540792
2796336
6108847
3648934
172421
8881623
7792311
3250831
7520334
3867824
8937839
5242916
5849419
8083381
762116
7693537
5688452
6588055
8779761
3513175
5751484
9715019
3766112
4813496
8920456
2460992
1837729
7056946
3592439
2879161
5538779
5061663
4961529
5540925
5730430
4999567
9476881
867332
1963297
4937080
1221552
9774124
8609631
3729062
3544087
6932669
4755453
5063050
4881956
6460785
8142469
5858624
3262868
4002385
3264225
8212192
2719069
2279550
5129684
4141251
5268686
9154490
7283634
1204307
2747949
2885964
3911062
5670442
9456133
9368329
7413175
4470261
5879515
7585131
6533420
5764393
3280801
4367262
3234038
4809438
8236524
3714186
3106728
2496335
362047
812058
6255145
3309244
858736
9028322
211126
7732692
1105660
6886137
1196557
6804417
3091427
9351080
1270527
3976203
3977061
786473
4824506
9466164
6880916
5226152
487579
3320013
1587606
8355249
2749476
7985794
4448880
5732975
3098767
9345841
7430101
892581
9565854
2937709
2224023
4185716
8834248
7349268
6900595
5500949
3619534
4744152
6942536
5194997
6903626
8832690
7234552
5435732
101483
1561200
8121958
5341889
515270
1783819
2983406
1952848
3490975
7466632
5759987
9721827
4032637
6851813
9764731
5906635
442442
9340899
3416466
4990459
9174212
6712081
7968748
3585202
6402856
1734891
2663137
3071778
818171
7301229
1680711
5651417
2597552
5812506
6425270
6766684
544179
47899
8471354
9177932
921747
6255814
8616938
1915429
5355027
8868051
9263252
4347315
4758304
2563296
5128327
2986064
7802957
2166052
984500
865014
4318845
542865
2197271
