100
90:7963:C:70
24:4539:C:90
73:9228:V:6
32:6376:V:14 92 95 5
69:4379:C:6
39:2247:V:38 30 97 16 59 55 13 91 3 24 21
16:5830:C:25 74 57
98:2829:V:91 88 57 60 34
55:5935:C:81 19 79 46 49
7:400:C:37 3 86 78 68 89
26:7611:V:83 64 46
37:1949:V:45 81 19 31 44
13:9670:C:52 15 34 75
45:6674:V:3
92:7709:V:24
41:1378:C:91 19 57 92
77:491:V:22 87 99
49:4042:C:
52:7837:C:88 58
62:4228:V:50 6
25:5568:C:77 79 35 31 27 5
89:5939:V:
43:7709:V:21 99
79:9682:V:95
11:5420:V:69
22:9045:C:
76:5309:C:
88:9688:C:11 33
84:965:C:18 85 65
21:8245:V:36
46:6173:C:49 33
19:4359:V:42 84 35
34:2453:C:
80:3127:C:
78:9240:V:
0:8920:C:66 61 94 97 88 1 78
57:9110:V:34 73 11
36:3806:C:
74:7839:V:9 18 78
18:9563:C:
28:8322:C:62
95:5770:C:20
5:8297:V:
30:5003:C:7 32 88 86 96 9 27
66:1299:V:61 71 94 72 56 82 39 45 13 81 22 27
48:8071:C:2 10 40 66 61 94 56 54 97 13 19 12
60:3011:V:31 36
61:6357:C:94 72 39 16 15 67 79 22
10:4498:C:40 66 71 56 54 26 25 52 51 86 83 65
27:8626:V:99
81:1506:C:53 17
64:6800:V:78
58:7516:V:9 21
67:5940:V:35 43
82:2917:V:16 52 98 57 46 18 68 62 89
72:7154:C:56 26 51 80 28
1:150:C:70
56:2419:C:30 54 26 7 37 45 23 70
75:2356:V:35 17 12 99
14:5858:C:84 12 5
31:2059:C:93
86:8211:V:17
71:2103:C:72 7 37 41 63 42 96 1 84 87 70
97:4105:V:26 59 77 81 42 76 49
68:2358:C:27
23:3806:C:75
35:6731:C:65
59:6947:V:63
99:1851:V:
12:7710:C:85
3:104:V:57
33:406:C:
54:8841:C:97 25 59 32 98 92 35
63:5286:C:83 22 28 36
38:5429:V:16 25 52 78
94:5174:V:39 54 47 32 4 67 75 85
17:8695:V:18 20 36
47:3007:V:41 15 86 11 43 65
6:5479:V:
70:6177:C:
85:1358:C:
51:6831:C:85 6
15:9090:V:80 83 1 95
83:2399:V:96 43 50 29 5
96:2184:V:85 90
87:1064:C:
53:9601:V:15 3 67 86 75
91:501:V:34 42 22 70
2:50:C:0 40 66 8 56 7 37 63 13 88 15 79 46 24
42:53:C:
50:982:C:
4:8290:V:45 77 83 21
44:7287:V:
20:1070:V:
40:805:V:66 61 94 97 81 9 5
29:8598:V:
93:8886:C:
9:4679:V:50
8:5839:V:71 54 47 32 37 77 3 67 76
65:628:C:
67640
89370
69688
65050
83667
83411
66746
77294
86645
71359
88187
65026
76175
70912
87039
88338
64705
72465
61765
78346
71289
75520
74900
74926
85029
78766
79833
83688
79002
61365
80624
82377
88319
85737
70861
88734
83495
67119
68251
77012
62560
66597
69069
62163
79610
82454
76034
81972
73256
65467
70250
66327
78615
66699
65311
80706
78094
64891
73213
84716
85634
70979
67145
82604
63320
64995
83778
77175
81215
87367
66017
68833
82213
63807
75119
77913
87387
89248
76724
64579
69944
68189
80790
68589
72243
67903
87822
71640
77368
77658
70740
78428
61927
84593
86827
78239
66476
70863
89233
83042
81631
69314
66649
88879
69520
75254
85835
62449
81381
64862
78481
71502
79613
76533
67530
78877
89359
63350
79261
71007
72241
71681
83843
68464
64989
78759
65488
73355
74105
77165
82585
66687
81323
63419
89347
89460
72712
68559
75042
65595
86327
78627
85985
84529
62829
72486
68911
83000
88570
80539
85844
78172
77008
68491
80706
74308
88789
78588
66156
75231
76967
87223
75678
82488
75807
76242
75181
68444
61749
61238
84611
65926
62420
64679
69971
71719
85001
61705
83498
84166
65428
79071
61460
89539
67027
82522
77836
65742
62518
86898
64526
83513
68280
66830
72017
77290
86926
61513
65084
81651
69854
65937
81547
83165
69092
74553
69353
83924
79051
76509
62213
66004
79551
77780
64883
65563
65474
68230
74194
65750
75237
78246
64520
89568
84133
85021
63292
74880
85579
78814
77015
79678
66930
82096
68491
84043
80069
68978
63014
79732
63249
83051
61580
89071
79194
61281
71557
88103
77803
66670
62388
86074
61754
74382
80320
66768
79573
77439
74073
87071
77394
66595
64222
82274
82313
77604
79316
83613
80339
64564
79237
80685
84039
77704
86361
81590
73927
62878
61959
86867
65085
88602
82581
78699
85120
77715
82589
61739
66293
82544
80399
66765
72555
63252
78913
80800
65859
69678
69910
70741
76872
64166
89355
64544
78534
86122
85811
80836
63488
86062
83886
87475
88288
84163
77220
64076
73234
87082
66419
81177
86374
66701
64208
67240
82875
71609
63795
78883
61726
64493
70460
70988
68806
72415
70770
78495
62964
78778
61419
89396
83311
66879
69567
75943
85256
74562
64378
74971
74569
73699
73571
82567
88319
80536
83917
66119
86955
80065
86408
83785
66520
66736
80666
89122
72715
76444
84682
82212
68679
78579
73766
75167
87671
82609
61425
75975
76399
88282
66251
64364
86853
76736
78820
63404
72265
88418
66071
68809
69264
88503
82272
65043
84385
86905
70432
80485
82171
70909
77844
65728
77370
84575
87708
76280
78878
68921
75278
71533
68038
64221
67735
88869
84941
82872
68175
76389
87635
64050
62336
89045
71749
77104
87794
86457
89178
79107
82093
74164
72750
63633
61570
81137
73565
65250
67758
80672
61734
70910
78694
73737
87004
85876
80088
83234
84311
75737
79277
63133
62979
65585
86897
62779
82371
77423
66258
67353
82718
70689
70982
63293
85292
73578
84790
61844
63623
80957
61526
88954
66846
88295
88282
61476
65120
85982
77013
87138
69717
65651
86963
71132
77294
87586
76375
70483
74113
65811
64477
87003
86343
83333
86187
78525
70069
62578
79778
62070
71763
62223
77069
83286
83125
77431
80691
83428
87644
65073
88940
65315
89476
63358
76618
88696
75618
79682
78088
70658
79419
75109
73577
81286
67265
82412
81869
67347
85614
87974
70493
87553
73521
70320
61298
78981
66670
82281
65779
72169
75413
84230
75374
63859
67561
88700
62220
74335
64184
71593
67750
73591
65053
73751
78769
86023
68010
65208
85538
70786
73549
84070
61303
88768
79114
61445
65609
79983
88091
73955
80007
76698
83707
89199
86746
84630
68378
74046
79766
82900
89230
68548
82481
61533
65761
84285
71028
88342
86774
67999
72396
77556
66290
63395
80026
70681
74366
81076
65045
67390
86939
77571
69416
68405
76334
85875
79427
84747
62893
85069
76762
62678
72395
74986
65202
63965
72472
76987
84365
86351
75654
83708
81801
76060
80277
63337
67277
65033
73589
74487
76511
70199
62612
82139
84770
73661
72993
71629
74007
62467
65258
67898
78456
71040
72460
75207
86950
63581
61724
77586
76798
76210
77610
84541
88502
70581
83203
86813
83816
71371
79324
84763
66343
69975
69414
64665
75980
67870
85031
79675
79801
71752
76492
87322
67371
74238
77095
61528
65921
87115
67480
85809
63305
86421
73093
88264
79890
89015
72250
86003
67056
74312
72611
70061
70519
73279
69300
70252
84201
61792
88653
68097
88027
69882
73752
77408
84807
62589
67414
70247
68418
61240
84175
66036
62193
85102
79516
63479
88184
84593
78579
87230
69372
77455
76468
81323
83132
82200
84232
66836
65324
63737
66077
84251
65249
72286
83635
78251
74002
86818
68319
80442
65219
74561
87519
85735
82896
77197
71916
63881
74090
76130
78554
73243
83502
67669
64836
78222
75379
81693
85100
78432
75860
72643
65174
71381
71494
75685
73755
79714
65501
73212
87687
68632
65698
77402
78031
66403
67715
63418
77671
74221
85645
84874
65439
75773
76131
82120
88188
76939
87499
81379
81265
62409
87359
78010
87551
66852
89046
65116
78835
83920
76806
80591
82564
62738
74491
70236
77496
81016
70695
65928
69194
73039
65823
81682
73640
75426
62354
66865
65219
71019
63996
85759
78374
86167
87028
81922
76478
68133
84390
68784
82075
85941
87932
83010
79992
70813
65950
82108
66219
72182
66455
89189
84676
67364
67490
88706
81239
76804
76203
77241
66515
67636
69734
68963
78987
76924
79664
80797
71322
71521
61468
73669
85797
88094
72393
67450
65758
61901
69875
78952
86707
70313
80295
67038
77045
79700
73383
84807
75084
73989
65808
77644
69530
64607
81443
69903
65101
66034
66333
88634
70635
85039
85213
73170
72944
75102
78566
66580
85231
82023
75115
79007
70054
70161
68669
64398
83613
67278
80623
64060
63147
72720
83420
68172
74675
89431
66154
83165
63795
87945
74104
81001
86755
77421
69856
88462
69278
84050
67399
71050
70901
89410
89074
68032
75703
89467
73718
83171
85649
77652
89424
77432
74672
74553
87868
83849
63033
81320
85842
88166
84293
81718
65782
67684
85859
63684
88511
67347
83094
72938
71768
87519
74781
66346
65809
86560
64502
66247
76333
76045
61390
72789
76302
75683
69649
83278
72743
89052
85565
72822
70687
80891
86955
75103
75771
63961
72067
82119
71632
63020
61680
68215
66504
63806
70710
79217
68636
71612
84213
72079
81864
68851
1000000
234