100
64:8510:V:
69:1952:C:
61:7232:V:37
96:5634:V:34 88
39:2441:V:58 8 56 1 96 36 98 55 51
45:4880:C:61 82
97:4771:C:62 90 7 13 12 64 26
83:9232:C:91 2 67 38
5:767:V:27 91 12 51
77:8106:V:83 62 23 94 31 48 79 2
1:6585:C:97 53 15 75
52:4254:V:68
34:1927:V:15 57 41
67:5148:C:
15:7100:C:
37:484:C:
54:5978:C:
84:6763:V:30 73 14 2
60:5871:C:83 89 23 48 81
88:5204:V:92
98:1510:V:76 17 3
43:5636:V:14
0:3659:C:78 77 44 93 72
32:7243:C:
79:3263:C:
20:8521:V:61
10:4001:V:
55:7329:C:69
80:9817:C:19 78 27 45 85 76 43
76:7997:V:33
38:6039:V:
51:115:V:
91:7500:C:84 87 72
33:7104:C:
47:9499:V:3
99:6303:V:71 37
95:7249:V:99
42:7339:V:
78:6329:C:6 90 9 35 40 54 69
48:933:C:15 85 32
86:9830:V:
24:4278:V:26
75:3901:V:
16:7739:C:48 54 37
29:1089:C:40
7:520:V:
50:4494:V:46 49 39 58 70 60 96 21 45 68
58:3492:C:66 60 62 21 16 20 47
53:403:C:34 13 33
19:601:C:70 89 5 95 9 93 99 88 68
11:2986:V:
68:7185:C:
8:6850:C:44 22 24
59:1983:V:
21:4921:V:38
30:7459:V:
44:4231:C:83 25 89 90 71 35 76
62:9616:V:21 29 9 7 28
40:7714:V:65 72
31:8218:C:
93:9434:V:30
90:9407:C:29 12 64
23:1240:V:20 81 4 52 17
36:9945:V:53
57:5017:C:14 26
72:438:C:55
71:2758:C:81 24 55
25:189:V:
27:4061:C:63 91
56:8845:V:70 97 36 93
41:7437:V:
26:4932:C:
70:6508:C:97 25 29 43
87:4505:V:10
63:6211:C:99 13 86 11 47
9:6475:V:34 85
2:7024:C:64
94:221:V:53 4
49:6307:V:0 80 19 77 1 16 31 88 28
4:4367:V:
81:4849:C:
35:5851:V:87
6:1352:C:60 61 18 24 42 32
22:4560:C:
12:7117:V:
73:7513:V:
66:2714:V:74 36 35 30
89:7888:V:23 3
3:4852:C:42
92:2199:C:18 67 59
74:9080:V:
65:7452:V:
13:5688:V:
85:6358:V:75 67
28:9114:V:73
18:7833:V:42
14:3071:V:
82:749:C:
17:328:V:
46:3975:V:39 58 77 44 84 79 75 47 17
49855
72357
59589
54985
51994
65454
69943
64366
71151
72353
62548
60191
50004
58999
59261
65040
54720
68625
69561
66217
66157
53352
53008
66608
54122
66531
55945
53096
68677
56210
68837
66865
60715
68179
62644
63046
55016
53356
66826
62348
55647
53633
58063
71977
54760
50400
52028
58482
63000
57377
52213
70326
67922
55120
71363
65322
65588
72215
62501
63271
55789
70704
65222
66987
58390
53254
71337
56085
54195
68337
66586
61054
70218
54755
51759
53170
50732
52801
70988
61157
62641
59491
69122
53222
70005
68974
60934
56684
65672
64217
65728
69146
62579
58226
73183
65075
54241
68167
66843
59519
51177
64363
50054
63380
63760
50869
56444
58150
50904
56837
63726
51852
54978
56676
71776
62446
67242
62833
51341
58788
51441
65707
66161
64653
51603
64250
69475
62181
59880
54079
70752
60300
52224
53035
72368
67933
54157
62255
58500
62519
60549
73052
62599
71564
62439
64115
69592
50626
68405
49967
57309
51613
69126
51829
71970
53893
51343
50854
65921
68019
50826
61822
57305
51458
59443
51140
72286
63980
50015
52284
63021
62101
68119
61518
51539
62631
72607
54250
61119
64216
60070
57475
57005
59835
59890
59613
64820
60375
56478
70054
59129
61103
51322
72036
70308
51193
56068
60800
66982
58471
52015
64164
53944
64493
64011
64060
63073
51420
63545
53141
63629
56224
69208
53079
65927
55766
69655
69221
52169
53501
51459
63878
51611
68847
64452
52470
55491
62825
67374
53751
57261
61886
63189
67204
57551
56275
57085
66008
62209
61204
65589
69422
70416
53081
67244
72797
52837
59464
69079
61570
71237
53188
67842
52202
60593
68384
67276
65649
56824
54715
65166
72227
56147
52159
68259
58300
52873
54538
63718
61747
59119
54021
71716
61206
62294
53762
68651
49977
70215
58705
68843
66686
62549
71796
61961
65970
50665
70859
62899
72010
56148
73071
59610
71260
59840
59614
72044
52484
64112
64642
70586
67640
65911
60596
72115
59244
50748
57748
72886
72761
65048
60782
52567
50535
50644
70967
52767
66930
65500
70478
62634
52648
59592
63941
61820
69802
64043
73064
51307
70855
69607
61291
70646
55854
58675
73133
62938
57294
55113
58811
70765
54386
63373
68134
55458
52152
66896
62889
56042
53577
57976
53670
59291
70885
51628
64335
68109
60377
63170
59148
66565
50811
61731
67627
54374
59021
69680
66989
68462
60176
67974
56970
66549
57141
51680
61041
50937
68906
72304
51546
62834
62698
57568
64217
58592
67211
64694
61944
56072
57797
52401
57252
64482
62189
56916
64805
68763
56614
70074
59854
59291
62097
67754
69470
57733
52584
50842
65280
71544
51689
51864
69676
53259
58334
70063
70073
67632
63862
69979
63000
65164
56149
54121
54238
61778
63841
53001
56748
66350
67811
54492
68366
71889
64281
68236
57542
58722
54994
61336
59259
62266
65473
55521
56122
65773
69127
70017
53298
62989
50105
57202
72948
50755
51603
55658
53320
52611
62131
63941
51978
60091
56544
66671
50255
70002
54406
52785
61334
68884
53233
52589
70780
62348
58429
56976
52758
53173
61640
56103
61608
72065
72812
57091
50256
70719
67771
67365
70461
57766
68446
54511
62269
63075
67830
62744
68100
72456
54239
55118
61968
54857
69312
64458
57573
62731
67784
70206
55207
58269
51741
65205
65069
52516
56671
53742
68546
71715
62328
55604
65077
72659
50180
65868
60484
63084
59195
53559
72685
70719
58379
60569
73091
62069
67210
53562
67577
53637
62523
64650
51892
67451
55156
72158
69619
58270
59505
66144
52665
51664
69816
58393
72851
64600
59307
65674
53277
57846
50471
68993
69635
59388
50538
66076
60357
53884
51028
64530
66468
51753
58737
60669
51328
50111
66238
53763
72208
65726
55243
52039
62425
61075
70524
63295
49879
58300
63304
58555
52842
59984
59600
72066
60007
54163
70846
51075
55599
65544
60984
57692
64450
69531
69307
61711
53720
58114
66743
54786
66675
61284
71114
56564
70419
72484
56304
73147
60426
58483
55526
57198
58133
72176
71794
69640
68773
68971
50064
68033
55669
63858
73112
68289
63338
58935
52700
55914
51822
55299
67698
67090
73046
72307
52168
55034
64018
56521
64581
58152
56631
62618
62235
56046
55356
60840
59651
69848
72462
72587
64898
68727
60490
60510
67827
51768
69786
68486
68794
72025
68722
51733
66613
60907
66047
54679
69778
63526
56788
61861
55202
50202
51664
53248
65776
67628
59085
66997
57114
70750
66279
70231
59086
50412
70547
65608
50193
69690
53551
71295
51032
62085
72810
50628
59548
67272
50326
72367
72529
69637
68265
68264
67691
54093
50170
62503
65430
65672
56961
49867
65200
54140
55407
50571
65899
49852
59486
59750
62665
69514
71603
54840
57489
50296
56021
64077
55647
70837
62408
52550
70270
64199
70953
68485
70495
60436
50453
63501
61185
55185
70572
72295
57004
57641
58065
56790
67298
53051
68668
53419
71179
67413
61280
57700
70559
56633
59159
65243
67666
55202
62933
53136
55154
64783
54835
69546
54007
59182
52752
60917
57363
52949
67690
65589
51045
57452
57021
62349
54960
60594
70098
58200
50684
58370
52907
51745
58166
55573
62605
63499
54381
64791
68913
71678
65751
62406
64110
73039
63791
70385
57279
51954
51889
63773
69580
56062
62621
55898
51943
51717
60665
66198
61751
72620
52352
52341
57486
71456
67912
59869
57141
67267
62440
68146
57590
53646
55855
64366
68635
56610
54432
61109
65319
61503
72350
70280
56434
69094
72369
54184
52850
59873
52678
61259
59093
62162
71015
59934
64907
71969
59385
66830
54713
51186
55950
64438
57130
64139
64137
60201
65171
53763
60826
61540
60313
58995
52458
60194
67593
52766
63762
72498
64833
52326
70654
51417
61563
56445
66647
55290
67357
72123
60862
52468
72689
65585
51191
62865
65813
68257
72055
58663
60056
72400
62574
63154
66760
65708
66825
72228
53037
68474
63767
66253
72273
58669
54764
73014
65148
66457
64952
60461
69853
53998
56449
70082
56953
67320
59897
59550
72576
55435
58914
54460
50474
71096
69216
72115
54407
57934
56799
49954
55739
71249
53211
52237
56383
53248
55369
70924
51488
62100
54272
51552
60518
62717
51212
58757
53237
54319
66371
59943
57752
59138
69448
52722
64156
63899
66383
65900
71229
72857
64462
58207
54034
64948
52718
69143
65659
59913
63359
49876
68335
66662
60736
50086
69615
54934
60625
72587
61183
59069
69423
60176
59002
59294
61980
50861
71933
62211
58802
59515
67935
