380.73013013013014
622.0700700700701
630.3958958958959
212.16026026026026
324.3203203203203
73.52162162162162
143.06026026026026
229.81431431431432
415.5526526526527
850.3821821821822
351.6626626626627
672.9532532532533
50.87537537537538
771.0697697697698
818.5435435435436
760.9910910910911
655.7691691691691
831.2744744744745
962.5066066066066
322.8327327327327
676.2675675675675
150.4166166166166
814.6765765765766
393.2871871871872
33.57347347347347
448.0096096096096
873.5871871871872
684.6311311311312
796.5785785785786
636.6197197197197
190.9998998998999
433.88458458458456
163.1827827827828
105.95125125125125
648.8688688688688
633.4787787787787
180.92012012012012
97.49639639639639
568.3741741741742
393.6838838838839
144.52072072072073
835.6373373373374
867.9332332332332
349.174974974975
976.6331331331331
238.7067067067067
108.10900900900901
906.3993993993994
62.91851851851852
820.6675675675675
325.55865865865866
248.9004004004004
972.3090090090091
766.2488488488489
981.3854854854854
747.5634634634634
479.72632632632633
935.9639639639639
599.036936936937
715.6263263263263
226.6784784784785
265.84884884884883
163.93723723723724
893.1189189189189
526.9736736736737
599.5973973973973
830.6853853853854
845.7823823823824
331.9305305305305
518.5844844844845
252.17867867867866
597.4286286286286
887.9332332332332
477.54524524524527
856.1432432432432
119.94424424424425
852.157057057057
915.1659659659659
369.39279279279276
578.053953953954
409.58288288288287
20.012112112112113
496.6101101101101
576.423023023023
369.1178178178178
448.1352352352352
56.51791791791791
711.0615615615616
427.8657657657658
633.01001001001
501.05455455455456
700.1752752752752
294.3167167167167
665.4860860860861
195.25095095095094
279.0856856856857
43.04874874874875
338.91701701701703
269.83863863863866
503.8954954954955
