892.2766176404789
99.01704949821047
844.0941660754121
493.59112491547717
667.8976660548823
812.3778598444037
978.9065945655717
993.4354765511642
703.8691029060998
906.1726974630386
955.8189035264339
264.5328424209068
354.1862077403042
734.7803149079723
396.4734468230556
974.5025471885048
509.16562019334367
359.49594225357856
97.69682217156766
726.9707755296146
626.6059340610348
287.54436241483364
622.8683524175392
571.3447120278795
501.46753951210815
897.0002620695826
485.5809598822996
824.6383165278387
635.9907563587187
449.8547321647508
961.2648372931408
761.3372071422733
95.27296731405939
917.9019092727889
757.614486658394
693.0204563862118
890.0266543941399
305.95815831328247
773.5159274478187
391.93336256028056
636.5703415837538
779.0814317241175
996.6058793073693
173.76781613558293
726.212856389184
870.9531023285841
400.9540864473655
371.41225888014355
173.57803040367423
117.02188229488907
643.3321692091633
200.57505076768328
305.2893438277395
429.42063769235915
706.8041819303161
504.2688680997778
501.0068435640033
346.9026548672566
765.0450664665364
400.76832195216195
361.31479140328696
958.1008264779766
76.20187100966447
784.1267954138461
209.713233759086
944.2558821837428
219.0791596287791
849.8724807762374
390.36551022076253
37.00726364445465
405.20437809762296
825.1435959547923
511.75146196657727
636.8006895578062
176.56715568123587
408.91966800169416
199.88233284621663
690.6723931668388
705.4741081446585
181.53954185724317
795.1760675885539
687.447521530105
8.23978639717493
180.45776318536372
621.6348761693876
480.9888615608676
612.7701944582736
864.5867290520113
88.78528771672873
663.8331388998283
595.2860401697144
843.1417668603425
159.15431477861495
124.41403655273197
342.24542229109744
479.4804538598147
871.3302268499875
532.289584556283
218.42439885369419
997.2514653524836
