0001000
151:7152:C:152
588:3295:V:737
468:503:C:138 601 846 54
273:4777:C:881 332 972 375 147 534 417
865:5892:V:904
950:4539:V:802 103 645 207 465 6 192 761 575 674
474:1909:V:852 690 828 515 681 462 383 101 727 426 353
712:510:C:891 671 710 375 586 278 576 407 157
860:2410:C:
566:7099:C:462 257 32 577 853 202 189 514 868 246 990 215 603
419:9342:C:224 729 349
621:7528:V:122 765 208 447 367 136 939 611
483:7647:C:744 29 23 150 780 998 504 75 792 48 920 803 633 80 147 469 971 857 314 739 840
804:2512:C:640 551 649 110 586 520
182:6608:C:410
53:6782:V:152
42:3565:V:608 9 967 556 366 749 619
749:8215:C:512 293
464:1380:V:953 133
526:936:C:181 920 868 911 541 452 56 81
733:8463:C:816 887 42 998 392 221 269 101 395 526 649 909 959 716 26 205
937:4239:C:667 297 492 520 176
525:4210:V:
335:9841:C:694
331:3753:C:772 376
713:5579:V:467 395 426 668 916 74 488 920 673 729
247:1332:C:354 826 415
308:8429:V:557 656 854 897 696 747 249 632 704 732 728 510 296 870 104 779 998 924 788 853 378 443 677 122 425 69 280 583 676 36 317 215 335 484 832
201:4288:V:789 545 732 510 169 163 211 175 844 279 154 566 593 686 79 298 770 202 306 755
652:1349:V:98 615
547:5919:C:917 284 126 305 169 970 500 829 409 831 204 477 579 162 846 37 548
838:1170:C:843 443 189 81
670:8425:C:671 570 435 326 95
905:91:C:970 883 440 967 975 658 49 684 953 485 611
972:1421:V:65 404 278 326 36 794 115 954 466 929 613
826:7398:C:184 938
791:8543:V:105 961 153
321:7085:C:270
699:2455:C:
815:9386:C:74 920 463 586 470 971
112:323:C:53 133 98 615
521:9883:V:226
798:2673:C:609 646 445 298 332 275 109 46 472
49:7004:C:312 63 301 847
186:2452:V:724
361:9612:V:416 926 640 467 869 606 189 204 270
15:2294:V:377 595 725 128 758 60
164:1469:V:370 456 764
482:1049:C:
411:688:C:26 894 376
98:5514:C:
941:8777:C:44 269 518 323 876 345 165 363 66 874 973 53 796 316
242:4352:V:97 590 708
633:8144:V:903 329 192 288 452 932
922:7748:V:937 511 465 912
734:3573:V:768 42 493 68 274 378 1 590 145 562 210 182
802:6969:V:342 350 926 885 853 868 964 623
926:5412:V:977 443 820 710 653 319
61:8169:C:374 382 951
163:2885:V:183 878 780 57 792 503 181 267 461 954 466
152:571:C:
416:1564:V:103 79 606 74 976 11 319 783 250 252 915
185:3819:V:151
162:4781:V:969 115 942 932
827:3389:C:187 876 167 488 922 930 962 614 501 480 157
302:29:C:337 392 731 727 891 429 952 911 708 471 509 562
172:8879:C:800 23 985 175 681 478 827 361 149 529
328:3093:C:254
147:9065:V:837 236 73
747:8049:V:249 119 917 698 921 457 974 732 605 483 175 35 160 218 462 855 997 876 773 670 443 181 167 345 363 711 562 907 929
478:1649:C:802 212 197 892 409 459 815 948 619 796
848:1765:V:29 988 500 154 735 141 394 763 892 788 79 913 833 118 497 832
603:1578:V:
96:9222:V:
676:3462:C:317 417 751 942
868:7842:C:835 947
221:4391:V:629 6 328
920:2869:C:33 134 223 751 325
625:3776:V:312
984:8856:V:283 990 700
632:9637:V:169 172 870 199 399 628 586 113 832
386:1676:C:
263:3813:V:449 152
935:3008:V:257 298 677 191 320 794 252
87:927:C:684 108 250
143:6821:C:120
870:8212:V:265 844 67 251 866 612 853 443 968 253 162 849 107
696:4033:V:549 558 430 530 987 540 421 389 632 797 531 29 818 381 680 365 831 518 881 479 773 975 124 810 973
298:3565:C:244 109 420 846 830
22:9201:V:403 273 32 573 378 773 588 776 790
414:126:V:587 418 952 48 846 215 592 884 316
384:1405:V:154 360 697 141 219 396 28 56 867
212:307:V:926 399 533 771 494 369 66 847 701 152
429:8368:V:916 289 63 580 910 370 272 262 451
45:4849:C:964 437 521 647 865 16
5:1582:V:
469:2976:C:102 832 517
844:4384:C:360 462 998 255 323 533 743 952 411 358 761 961 722
470:4647:C:136 718
224:3859:C:953 95 691
266:7064:C:388 484 517
542:8809:C:888 360 40 779 963 348 191 755 757 739
697:9941:C:538 403 785 57 949 87 708 509
492:9072:C:756 982
129:4315:C:139 283
33:3889:V:200 663 523 991 906
807:7024:V:831 863 612 412 377 967 916 179 20
12:8686:C:827 802 593 383 782 429 677 959 170 572
903:9453:V:437 786 489 322 814
954:5575:V:98
223:2957:V:580 347
216:1658:C:
930:3673:C:794
491:6192:V:584 616 378 936 287 17 983 588 8 580 833
946:3668:V:
808:9343:V:630 228 896 168 183 392 342 197 412 526 762 404 367 239 54
767:9305:V:683 820 771 340 158 550 761
307:1711:C:19 922 80 729 995
166:5870:C:
988:1287:C:985 384 276 926 32 876 773 966 122 110 80 33 561 223 226
80:6557:V:799 346
280:1015:C:911 631 415
229:6166:V:236 756 652
919:6714:V:904
240:8357:C:210
874:1574:C:709 594 258
716:8693:V:919 938
961:5660:V:
629:3577:C:461
324:6578:V:684 643 254 678
649:7843:C:72 909 560 404 556 521 450
404:8876:C:367 312 772
769:8230:C:875 729 910
686:7713:V:880 586 469 700 216
885:914:C:514 793 519 664
489:978:C:799 226
622:705:C:784 208 366 53
500:6347:V:282 546 433 255 997 627 869 671 369 84 250 708 561 205 406
442:7093:V:261 684 223 529 757
320:9008:V:97 26 984 751
340:1402:C:110 716 331
217:8994:C:933 805 676 127 450
728:9936:V:800 681 35 241 538 440 616 79 568 404 411
866:6550:V:444 15 494 655 321 65 125 679 691 451
21:1461:C:700
806:1231:V:224 509 16 205 114 179
709:8761:V:973 452 849 724
86:5006:V:788 627 773 891 364 208 278 422 198
78:3297:C:735 337 473 300 804 977 714 811 649 957 949 570 225 144 507
138:5744:V:287 270 43 91
300:8054:V:593 17 644 529 914 182
993:900:C:557 854 59 549 558 987 119 540 917 201 545 955 228 150 195 807 788 414 412 304 494 355 180
131:2152:V:
778:1495:V:109 587 976 425 636 435 87 835 281 982
745:1061:C:376 523
392:3164:V:827 468 498 745 102
135:6432:V:988 265 844 812 697 538 802 453 892 918 9 997 863 455 543 757
849:8119:C:796
855:5834:V:383 256 838 446 467 274 167 762 916 147 316
648:8399:V:322 376 764
225:8290:C:143 301 81
195:3465:V:926 409 32 642 869 645 784 922 326 562 98
957:2525:V:736 952 927 629 652 701
351:1123:V:179
724:591:C:
850:8740:V:962 636 893 185 541 344 806 535 604 990 509 293
439:9332:V:142 923 557 656 897 558 430 201 789 545 732 2 3 510 870 175 768 478 251 720 889 274 132 312 214 225 925 543 368 746 406
731:1594:C:350 609 455 196 84 237 406
92:9533:V:265 546 337 879 831 19 743 760 204 65 893 46 144 152
859:2830:V:941 996 459 831 552 332 625 362
353:6988:V:107 840
202:9397:V:375 598 914 161
781:7112:V:222 522 363 984 520
759:5489:C:962 502
28:3697:C:317
383:9239:C:503 243 949 49 185 435 664
127:8808:C:777
134:8361:V:
989:6434:C:595 628 435 742 833
243:6371:V:145 729 796 410
803:4601:C:51
448:450:C:402 676 311 701
486:5985:V:552 395 959 225 354 461 382 995
238:7726:C:
244:7159:C:595 644 641 679 226 951
793:7255:C:708 772 179
834:4351:V:734 717 318 188 467 380 11 576 570 324 986 875 703
450:7552:C:592 58
512:8616:C:238
405:2889:V:213 373 513 30
25:624:C:164 898 571 216
752:870:C:511 579 635 631 750 148
666:2234:C:
683:2127:C:369 398 623 46 464 144 450 16 663 186
341:7950:V:238
630:7981:C:985 35 816 812 759 9 683 348 975 264 191 884
835:8487:V:973
269:742:C:838 446 707 983 411 80 105 417
693:4005:V:676 164
258:5841:V:
466:5862:V:
829:6241:C:426 671 743 425 511 716 708 711 262
788:5707:C:977 514 280 349
437:9221:V:969 740 417 16 746 951 451
16:3786:C:5
667:2350:V:465 709 245 619 205 954 840
579:843:V:969 799 8 613
55:5833:V:667 437 561 157
584:5898:V:500 608 817 780 818 75 489 223 898 58
375:4092:C:488 581 560 411 725 641 385 961
514:6072:C:17 208 620 349 20 639
936:1871:V:572 509 61
754:3483:C:597 584 858 998 381 68 453 446 811 189 529 410
897:5875:V:696 549 987 900 119 999 201 974 82 23 985 500 360 218 608 759 330 130 392 440 221 924 533 723 862 425 962 108
671:7736:V:454 185 783 120 410
109:2751:V:304 84 631 761 739
563:329:V:745 832 603
459:827:C:989 743 655 633 458 328 227
552:5629:C:533 683 595 246 33 534 894 772 182
105:9101:C:973
111:34:C:325 262
674:3046:V:982
604:786:V:489 973 301 227 356 871 517 639
620:7218:V:
771:9863:C:233 556 362 91
213:5981:V:534
877:6639:V:
940:8170:C:221 977 606 259 207 435 290 639
136:7755:V:742 726 553 706
703:6109:C:
362:9659:V:980
357:716:V:776 128 604 215 960 615
889:1369:C:838 714 876 869 274 937 522 521 229 799 311
272:685:C:840
904:4693:C:
48:9973:C:223 354 894 517
19:732:C:72 243 51 366 10 325
836:3664:C:
37:9803:C:554
397:3931:V:244 27 48 65 184 482 739
983:1404:C:541 25 111 919 325 618
580:7996:V:216 706
339:6124:C:637 780 926 231 891 813 762 628 344 580 674
642:740:V:876 668 601 7 45 868 41 969 232
990:5856:V:53
516:2284:V:803 821 349
274:456:V:712 447 639
532:9406:V:626 97 148
887:4235:C:768 302 473 365 686 103 600 642 891 74
179:5859:C:
268:8407:V:
387:773:C:304 217 470 711 575 356 674
934:5270:C:728 828 160 779 950 839 479 476 219 959 156 725 63 288 751 388
345:7534:V:947 751 311
327:7541:C:30
295:8766:C:
971:5332:C:837 115
672:6741:V:231 760 975 287 933 799 507
114:7749:C:
847:5288:V:316 517
895:1009:C:325
271:1967:C:540 545 126 92 690 717 339 759 365 348 891 11 280 665 983 716 841 41 252
62:3557:V:486 843 380 74 621 294 749 772
156:4981:V:522 664 37
288:8000:V:840
707:8032:C:587 957 633 408 6 382
289:6478:V:404 726 322
124:8798:C:633 485 20
924:4141:C:714 380 113 385 245 772 179
766:2363:V:788 426 765 508 868 246 741 943 956 43 245 10
913:6428:C:162 37 471 737 10 914 370 703
605:8125:V:82 296 379 896 842 460 505 775 83 130 593 440 256 702 352 202 626 278 408 6 567
294:2073:V:726 718
315:8326:V:801 678 356
952:8480:V:435 541 492 151
862:14:V:72 972 408 215 252 580
443:1551:V:967 738
691:9159:V:722
180:5645:V:706
661:4419:V:132 378 72 625 749
509:9453:V:
305:4822:V:296 474 23 265 175 767 177 444 62 404 845 5 836
208:6731:C:625 824 688 472 179
893:461:V:209 225 10 772 703
643:627:V:715
582:2428:V:199 727 494 522 313 620 912 99
980:168:C:61 652
524:7642:C:977 627 426 19 949 694
167:1855:V:669 123 611 311
965:1759:V:671 658 7 270 826 764
794:3673:V:235 216
235:6846:C:
52:9104:V:534
702:1614:V:412 683 710 165 560 110 793 128 314 317 884
70:11:V:423 839 668 771 586 309 745 99 452 13
43:5953:V:450 338 961
90:5178:C:696 747 558 430 487 900 119 999 201 632 545 732 140 483 135 823 901 584 733 339 383 86 957 129 805 830 673 254
577:9972:C:876 773 649 33 303
14:2863:C:
281:2902:V:489 288 777 81
861:2854:V:875 657 615
181:6564:C:275 765 43 214 925 512 569
132:4088:C:862 375 628 312 738
730:7197:C:665 329 501 925
409:1332:C:57 972 253 949 404 716 572 837
120:9967:C:
161:3467:C:
108:9943:C:761
928:3506:C:866 707 815 612 362 25 583 254 867
50:1935:C:931 83 394 399 414 741 36 214
607:9617:V:253 945 134
479:209:C:259 74 952 320 326 971 272 872
567:6746:C:91 322 932
718:1464:C:102
505:8495:C:22 768 150 890 788 332 916 116 638 674 14
770:7892:V:820 55 673 506 376 932
24:387:V:626 636 776 592
704:4768:V:39 828 175 505 40 759 12 774 149 918 792 467 665 420 572 434 232 603
611:2365:V:688 346 451
68:218:C:257 640 551 649 275 52 952 51 148 262 316
452:2266:C:715 166 456 98
363:8978:V:594
13:4226:C:
502:3539:C:31
118:6129:V:497
609:2159:C:748 721 19 24 957 287 509 295
828:3484:C:0 70 717 878 798 685 302 257 785 792 702 526 967 568 658 246 402 969 647 415 293
710:7031:V:514 893 708 610 666 96
823:7655:V:870 817 950 616 57 559 109 665 267 856 407 346
418:3770:C:11 511 121 31 580 594 824
434:6523:C:973 592
656:8384:V:854 59 747 558 430 987 585 201 797 510 39 100 413 834 500 787 918 323 479 876 968 687 425 345 496 31 517
279:1297:C:812 941 851 394 195 221 578 881 670 760 755 794 166
330:4566:V:593 257 459 713 773 948 398 18 295 904
447:7810:V:363 786 461 906
876:8364:V:712 420 554 715 915 942 512
822:9085:C:969 663
422:4282:V:247 206
347:125:C:311 299
679:9365:V:
399:3287:V:467 622 404 556 519 139 434 864 303
378:6331:V:989 712 52 93 420 111
536:3710:C:976 369 636 422 912 205 982
115:9549:V:349
911:8887:V:411 324 501 125 99 657 152
293:787:C:
510:2229:C:985 104 175 22 473 255 365 444 712 601 837 699
424:4070:V:136 572 184 902 262
267:3764:V:786
367:8327:V:66 239 105 464 953 867 186
558:2645:V:119 457 704 732 510 169 844 154 40 859 337 827 333 713 307 181 27 204 371 80 489 548 973 382
641:8219:C:464 301 688 102
402:7613:V:684 554
698:3456:V:201 632 545 413 67 878 926 395 443 69 488 693 155 283 944 849 603 615
879:7815:C:392 539 197 831 918 714 19 352 916 760 850 398 38 964 324 46 791 565 994 73
846:3935:V:385
537:4834:V:
614:541:V:464 912 20 131 906
776:5310:V:521 745 679 216 316 20
685:2489:V:130 392 221 414 129 117 498 529 325 182
786:1079:C:475 30
149:3143:V:869 378 671 181 820 572 236
103:8641:V:713 909 112 742 676 254 611
190:2475:V:258
364:163:C:937 742 281 450 872
338:820:V:303
381:7588:V:996 743 752 586 742
499:302:V:470 636 6 327
618:6958:V:235
485:4426:C:
663:670:V:194
18:3775:C:180 914 205 356
714:8895:C:876 443 24 369 357 117 755 912 914 746
158:3535:C:943 822 205 960
819:8083:V:836
317:9724:C:914 450 715 374
155:7063:V:
10:1067:V:
574:4661:V:533 612 401 352 514 287 591 631 898 877 484
31:2641:V:520
154:9623:V:234 150 941 578 979 689 726
533:3506:C:760 689 519 373 604 427 268
140:3576:C:39 985 384 104 887 67 241 616 568 645 233 52 930 658 541 498 676 370 482 512
722:3052:C:
535:9826:V:648 610
813:8785:C:109 93 11 369 654 87 451
390:5172:C:69 447 124 541 529 919 431
291:9672:V:712 753 871
348:1420:C:668 488 170 452
644:1959:V:405 755 47
900:93:V:271 789 284 172 852 844 372 697 468 541 91
504:4811:C:459 677 959 966 786 758
743:9675:C:45 47 973 237 819
449:5776:V:451
831:4812:V:518 588
597:8362:C:505 141 593 782 332 743 248 911 790 111 529
737:8900:V:631 947 215
682:6484:V:712 357 87 8 995
896:9825:C:858 12 342 257 231 843 395 606 644 667 742 437 790 954 351 346 796
553:5878:V:
655:4582:V:784 477 572
427:1340:V:832
188:126:C:697 337 686 446 714 19 259 99 258
923:368:V:993 897 549 487 632 797 88 104 171 40 83 609 292 79 815 760 975 264 709 54
878:9047:V:274 598 595 447 826 543 16
433:6522:V:551 52 388
592:8180:C:
789:8075:C:545 728 2 391 172 168 35 734 67 608 582 879 273 32 443 560 631 594 877
81:4550:V:836
458:2757:V:54 266
93:1368:V:595 214 492 240 537 615
561:3146:C:351 603
675:3949:V:996 199 959 375 267 77 501 33 520 238
85:4334:V:
720:958:V:707 850 556 716 945 684 370
660:1203:V:62 395 909 868 541 971 206 73
453:9784:C:75 785 600 627 862 937 110 755 580 814 482
425:634:V:11 110 634 590 794
902:2800:C:
128:4047:C:184 991
372:1668:C:697 950 257 957 554 984 245
59:1915:C:747 428 530 540 917 921 284 126 692 140 825 228 88 870 67 616 518 577 862 167 959 207 499 736 952 801
590:5460:C:200 801 432
810:4200:C:452 711
624:5080:C:337 141 440 869 132 514 470 411 60
214:2862:C:980 847
265:6307:V:413 339 150 350 577 670 369 110 641 46 737
6:3834:C:63
559:7516:V:811 649 957 638 4 312 25 529 875
455:3089:V:736 477 810 529 914 562
446:4204:V:62 773 15 380 528 138 658 638 588 893 213 874 877
34:461:C:582 950 62 989 418 595 267 437 594 335 410
123:1746:V:
974:7588:V:955 728 848 193 483 800 88 901 276 109 306 718 157 73 346 186 512
431:7160:C:
441:895:V:216 701
8:3281:V:980 497 96
139:3319:C:408 301 961 982
953:8316:C:8 611 349 89
949:3398:V:604 283 520 349 238 724
998:3549:V:950 616 804 924 682 65 143 794
916:5100:C:494 749 131
369:7360:C:662 805 144 497 699 157
832:2746:C:599
511:5001:C:822 366
285:600:V:980 232 151 639
884:5464:C:
177:4733:C:333 714 280 174 964 288 982 14
964:8906:C:263
157:8053:C:351
36:9816:V:111 715
978:5067:C:733 339 637 44 578 866 536 132 568 920 108 791
56:3843:C:
570:2193:C:367 84 26 223 995
818:4718:V:582 705 539 399 682 640 677 771 983 725 80 407 837 799 268 14
996:5825:C:782 468 977 446 380 809 422 8 575 847
183:325:V:754 265 834 234 12 612 352 587 783 534 452 801
711:9217:V:272
594:5856:V:
959:2182:V:806 864 794 215 232
472:9398:C:
292:8896:C:103 977 638 362
610:319:C:
141:9580:C:671 24 77 907
545:630:V:379 823 981 985 855 433 197 713 533 526 916 975 598 341 355 925 857 215 288 53 836
945:6888:V:
380:6090:C:272 96
755:4194:V:97 489
323:4092:C:69 165 591 129 411 343 726 864 153 410
159:9918:C:
736:2218:C:641 338
309:3372:V:214 708 99
787:1093:C:767 616 467 591 424 644 404 856 791 953 711 427
739:6530:C:
951:4652:V:512
460:8929:V:584 310 787 440 365 831 838 24 122 264 776 794
587:9806:C:398 128
355:4605:V:563 961
350:8192:V:890 924 866 989 668 106 246 465 791
550:6987:C:81
782:6154:C:9 972 217 7 522 964
496:7790:C:912
541:4690:C:830 703
918:7886:V:486 348 668 820 129 822 186 946
248:8448:C:936 280 786 947 673 507
245:8917:C:272
906:4293:V:
740:1726:V:678 615
925:4340:V:796
999:2855:C:421 921 632 797 545 605 988 384 870 40 337 600 843 275 984 826 351
785:1995:V:866 770 743 736 742 822 408 151
938:3555:C:517
501:1782:C:822 737 758 507
634:8075:C:513 737 611 482
645:9755:C:295
462:9117:C:892 577 853 395 770 683 915 370 772 58
839:6249:V:365 9 526 244
79:3446:V:707 393 345 344 837 663 152
58:151:C:946
864:5774:C:912 801 819
944:8708:C:286
958:5680:C:
948:3113:V:736 215 756 847
746:7765:C:151
71:5345:V:800 88 265 70 505 462 276 75 231 683 862 781 41 438 4 572 894 814 351 982
613:410:V:
741:3334:C:53 592
116:8020:V:499 189 375 51 777 960 571
454:5116:C:287 591 208 66 679
77:4292:C:520 647 565
497:547:V:
1:1103:V:369 158 84 108 750 594
796:1236:C:867
65:5555:V:420 623 821 973 480 958 293
252:479:C:703
583:9607:C:722
276:4644:C:748 862 606 243 952 590
689:2542:C:644 340 961 954 410
738:8750:C:994 694
304:2822:C:278 984 572 236 865
39:2712:V:842 515 834 602 279 685 762 43 262
250:5670:C:534 434 452 497 651
650:6668:C:287 937 49 911 695 386 580
892:3526:C:459 609 672 600 963 526 69 398 124 170 283 441 814
420:7354:V:471 836
513:5792:V:
947:8614:V:652
187:731:C:132 285 281 73 293
117:863:V:469 647 620 873 216
407:5038:V:
763:8536:V:333 559 476 683 207 736 638 911 124
717:8705:C:177 804 766 479 259 499 340 793 519 822
391:8923:C:172 228 168 88 183 597 178 372 950 890 977 591 470 357 755 66
417:479:C:
193:5516:C:379 71 744 50 160 780 759 269 661 412 813 771 369 512 886 840
69:4751:V:689 595 669 127 61
719:6568:C:
74:3264:C:396 781 264 170 301 594 286 715
198:5211:C:840
726:7154:V:
359:9264:V:
929:3612:V:871
764:5411:V:
306:6452:C:48 911 363 84 489 994
169:8837:V:29 901 360 188 798 12 827 928 199 881 528 669 63 980
664:1691:V:562 451
142:4751:V:993 308 557 897 59 747 549 900 249 547 271 201 704 905 955 305 391 531 795 828 754 834 733 779 818 538 221 831 792 9 15 49 983 4 501 986
774:3161:C:256 760 320 438 182 995
261:1734:V:725 846 373 619 991 840
981:3595:C:413 978 241 197 348 762 418 246 992 438 270 864 295
809:3343:C:554 315 857 95 507 238
694:498:V:
253:2385:C:805 246 654 87 673 898 946
342:9763:C:149 387 671 49 868 548 745 908 346
883:4744:V:616 395 219 348 253 398 49 87 385 565 722
121:3716:V:826 555 847
538:4064:V:680 86 84 971 980 151
484:5187:C:262
560:3483:C:447 726 761 908 814 184 96
408:1306:C:63 749 81 226
851:9305:V:337 713 536 862 638 633 465 676 575 919 272 179 152 569
32:9173:C:909 945 419
921:5109:C:126 510 379 483 733 218 675 717 67 22 768 818 24 253 373 490
374:3461:C:
370:4827:C:764
495:6384:C:142 308 557 656 854 747 549 558 530 900 789 632 284 728 169 265 175 78 504 444 975 781 952 755 502
203:5027:C:195 518 820 806 737 417 148 569
812:5165:V:582 12 440 264 80 362 695 562 73
26:7594:C:91 237 657 703
41:2341:C:170 4 971 346
927:4837:C:794 512
234:9147:C:735 780 12 383 75 574 707 813 778 959 321 522 914 16
130:5651:C:383 177 416 57 76 743 345 38 676 115
910:8624:V:148
401:7187:V:476 443 244 930 112
898:7207:C:356
867:2863:C:238
805:2979:C:147 726 822 143 864 236 484 525
189:7911:V:650 769
631:7647:C:
651:7699:C:
126:1963:V:2 228 168 175 882 734 241 705 473 504 197 248 736 463 367 684 990 206 356 724
565:1333:V:347
701:7632:V:
653:5733:C:93 117 749 5
440:4613:V:269 231 881 395 181 217 438 182 724
773:1014:C:687 43 54 619 886
600:6915:C:838 869 770 156 65 884
986:1065:C:801 451
47:5366:V:6 484 58
471:5792:V:821 953 54 833 849
744:7198:V:630 228 988 88 183 754 265 882 816 780 539 255 440 889 348 820 189 375 93 899 738 746 657
463:4550:C:943 501 871
494:2123:C:514 980
20:3651:V:
668:1982:C:781 718 947 860
595:9:C:658 41 128 441 620 56 898 663
617:7095:V:678
825:792:V:754 462 339 851 255 600 19 891 191 556 805
148:3216:C:262
260:5062:C:252 227
445:972:C:407 509 316 179 238
400:4259:V:
106:4872:C:304 556 725 986 6 643
706:1285:C:
287:2703:V:741 37 437 111 200 619 388
373:982:C:563 99
665:3715:C:158 105 953 258
581:4411:C:556 662 225 111 164
286:7105:V:
354:1547:C:860
856:221:C:741 286
669:2892:V:908 370
487:6879:C:900 585 271 540 917 921 457 201 545 905 955 605 296 379 901 542 35 241 339 150 817 998 609 682 736 170 4 548
393:817:C:165 17 301
985:3870:V:183 372 44 686 918 499 242 164
842:8460:C:175 372 817 775 538 574 612 606 407 162 66 10 620
748:2024:C:570 512
708:549:C:237 216 724
316:5859:V:
982:9424:C:
678:5264:C:
199:3367:V:646 298 869 378 426 621 781 117 358 745
426:9919:V:689 438 953 159
687:6920:V:275 514 147 250 534 932
67:9373:V:251 256 578 481 355 250 822 81 715
7:5180:C:664 676 561 991
890:4157:V:773 983 893 319 521 769 796 701
765:4920:V:494 655 930 830 28 764
994:5367:C:
314:6545:C:
325:3432:C:
508:9613:V:786 6 711
51:7835:C:343 534 796
191:2154:C:113 357 134 548
888:4447:V:878 680 255 79 536 106 165 198
628:3986:V:725 173 54 847 20
277:4821:C:46 128
517:563:C:
939:5451:C:709 30 599
762:6963:C:966 367 31 932
833:8744:V:166 523
695:5354:V:596
992:8399:C:590
515:7029:V:844 360 818 433 361 890 280 321 920 625 250 315 451
144:9223:V:145 942
301:3817:C:898 847
165:833:C:793 438 312 419 290 206 906
481:8487:C:390 781 222 488 554 821 254 5 151
432:7402:V:946
490:6408:C:
102:4496:V:663
194:8366:C:906
875:499:V:679 991 58
150:6143:V:859 333 687 607 332 850 933 162 139 18 751 182
104:1380:C:241 423 671 52 364 48 239 164 232
576:4809:C:388
571:7562:V:
586:2323:C:579 693 97 643 96
572:1936:V:224 290 724
82:8600:V:602 68 788 390 670 771 358 513 708 31 480 564 507
259:9481:C:930 367 281 182
27:3570:V:509 724
814:3091:V:166 456 272
461:7294:V:
241:3389:C:768 659 392 342 573 811 723 579 99 724
534:7346:V:226 293
657:8161:C:832
894:5067:V:610 258 96 615 639
943:8264:V:313 709 354 942 238
907:8088:C:
871:7714:C:932
382:3510:V:
251:3864:C:606 922 321 638 65 43
555:8182:C:107
299:2734:C:
84:8569:V:719
125:772:V:904 346 722
410:6583:C:
991:5534:V:
757:8487:C:
23:3096:C:104 754 888 372 817 539 401 622 74 396 850 217 793 246 654 956 147 583 115 701
368:5343:V:
192:3711:V:902
210:6793:V:746 960
908:6549:V:
333:6191:C:785 918 138 658 496 31 114
507:1857:V:
751:4420:C:
209:1462:C:362
38:466:V:97 214 947 99 472
312:378:V:434 95 262
680:7643:V:763 333 454 24 976 190 579 947 826 739
66:8983:C:846 563
438:4442:V:123 254 272
137:3889:V:146 495 439 589 336 923 993 557 854 897 59 696 747 558 487 987 917 789 39 848 474 882 78 218 608 459 640 627 132 390 671 116 595 301
817:9253:V:707 476 937 654 373 737
601:7416:C:26 145 417 157
639:6766:V:
218:8182:C:67 637 12 682 792 771 658 239
519:691:V:874 125 837 688 703
30:7602:C:
262:1233:V:
122:5978:C:765 306 93 321 920 129 95 317 715 894
254:6774:V:346 293
602:3003:V:462 251 685 855 883 436 473 879 539 203 782 890 536 387 649 568 464
979:1217:C:426 687 622 488 522 124 506
233:4413:V:448 684 498 604 947 220 819
284:1333:V:305 172 88 104 901 460 734 602 218 40 768 863 62 645 976 662 579 355 326 740 386
226:7180:C:238
377:9935:C:280 554 971
843:4389:C:274 752 375 581 358 80 161
527:5642:C:982
371:5512:V:326 590 919
264:9835:V:803 112 147 980 232 356
681:473:V:882 602 154 150 697 670 712 653 516 636 358 465 434 729 884
891:2341:C:771 959 477 209 742 502 799
626:9278:V:441
44:7329:V:440 702 784 246 422 864 756 370 157 610 268
539:8201:C:361 323 627 477 113 741 47
222:9200:V:205
388:9435:V:904 96 691
742:9788:C:
119:9781:C:271 974 305 193 825 988 896 842 150 996 453 445 889 606
873:1839:C:652 166
673:1012:V:
398:7210:V:123 288 991 603
863:4048:V:19 595 424 861 718 563 847
522:9559:V:47 684 498 786
551:8615:V:429 560 191 755 925 769 427
768:5659:V:269 399 714 781
853:6115:C:72 69 644 749 980
456:4252:C:907 764
227:340:C:
282:9418:V:818 392 788 64
638:3367:C:920 191 209 125 254
303:5609:V:
556:9515:C:346
820:2228:V:148 166
564:2729:C:746
869:8676:C:340 162 20
692:2925:V:955 169 296 379 40 812 546 582 918 646 937 158 408 758 61
278:6390:V:134 385 46 144 794 450 507 906
811:7754:C:395 19 109 514 112 81
963:8214:V:607 244 27 590 328 5 153
196:2413:V:124 679 678
727:182:C:412 348 967 488 894 523
444:9381:C:72 27 43 36 471 317
977:4994:C:414 581 208 556 492 283 915 410 58
219:5931:C:514 736 920 803 943 281 13
654:4872:C:4 46 105
732:45:V:29 168 795 104 842 834 67 538 829 767 827 244 916 836 151
975:8371:V:810 521 225 400 738 915 603
735:1993:C:817 998 539 924 788 727 820 568 418 375 321 420 716 964 84 969
498:8585:V:594
435:426:V:33
428:99:C:487 547 421 921 905 732 39 279 532 862 26 54 745 164 814
211:932:V:178 35 779 998 593 838 477 868 563 60
723:924:V:10 410
153:9739:C:872
627:2266:C:770 683 966 113
658:2580:V:261
473:4312:V:890 568 287 341 845 664 366 506 325 867
358:4744:V:84 726 471
329:5237:V:299 613
457:2722:C:389 632 140 39 172 88 985 384 828 383 926 815 352 622 109 49 210
750:3621:V:580
99:5469:V:
715:6393:C:
366:7575:C:283 61 153
430:7711:C:487 987 900 271 917 934 905 140 39 104 265 817 851 935 712 420 405 588 625 151
349:1889:C:836
662:238:V:80 438 366 328 301 951
729:3040:C:14
297:3368:V:954 523
608:2655:V:298 668 11 496 340 861 846 408 561 176
11:2396:V:638 725 599
101:9841:C:76 786 994 610
882:8492:C:35 78 500 685 782 412 352 765 418 156 511 821 131
270:4528:C:669 925 507
360:8630:C:582 609 965 727 869 204 488 576 435 623 314 679 484
955:307:V:305 744 981 70 978 844 888 996 593 782 997 62 526 607 332 972 65 556 803 46 366 618
857:5362:C:611 772
296:8050:V:391 23 754 970 35 394 231 853 626 396 69 738 706
760:6412:C:261 80 718 427
57:570:C:444 670 233 11 41 469 166 615
503:8088:V:320 41 857 99 617 746 873
792:2495:C:866 738 406 603
83:945:V:839 256 57 378 52 7 856
318:177:C:42 697 685 79 838 222 591 139 317
97:8420:C:224 472 906
467:3308:C:853 132 743 673 875
231:5350:V:298 396 856 716 673 912 954
76:7868:V:687 7 579 725 422 790 115 152
334:1347:C:
275:9221:V:405
821:6601:V:469 356 902 374 688
700:7782:V:
909:8318:V:850 38 477 635 927 971 750 91 991
970:4224:C:882 624 582 680 269 627 499 375 511 579 77 315 982 303
176:6657:C:30 96
962:7023:C:51 108 408
421:2858:C:917 389 905 605 510 193 744 168 597 413 779 150 399 57 792 670 202 24 957 470 245 60 960
772:991:C:
91:6006:V:258 884 186 13
933:6758:V:97 756
612:4351:V:222 522 124 180 764
113:8917:C:864 14
797:3333:V:905 728 39 169 296 800 163 744 228 183 597 178 970 566 188 350 75 444 393 26 283 610 20 932
100:5658:C:23 828 178 829 244 109 920 498 947 761 871
568:3892:V:781 204 281 951
73:3080:V:
942:816:C:
912:674:V:873
406:4576:V:
413:1594:V:279 67 339 423 392 294 810 489 507
0:7873:V:188 416 32 570 158 501 718 107
647:4399:C:873 954
257:733:C:730
573:4187:V:645 781 653 750
591:7701:C:129 124 158 388
475:1254:C:991 58
4:9739:C:173 706
917:6148:C:921 789 974 732 605 193 744 823 981 970 413 460 241 775 582 782 333 976 845 489 382
780:6276:C:818 255 256 197 149 202 645 966 492
394:8100:V:361 446 869 291 425 11
207:7066:V:846 281 290 942
969:8063:V:960
725:6122:C:43 821 565 406 694 184
322:2061:C:497 929 613
886:6787:C:
332:3956:V:667 4 277 821 293 706
311:8041:C:
845:9892:C:857 338 5
775:2499:V:767 300 399 660 997 891 280 369 398 404 36 28 864 884
206:7022:C:
790:2529:C:835 125
2:6742:V:296 823 88 602 67 812 950 782 459 785 714 481 668 736 280 983 313 366
779:4848:C:582 998 686 197 714 621 370 960
976:5192:V:355 108 456 482 884
88:3562:C:985 754 941 212 361 518 32 577 710 189 665 793 465 366 631 925 144 179
290:352:C:777 946
423:9746:C:829 394 853 626 793 543 56
659:2020:C:890 292 885 677 962 586 925
412:4594:C:568 933 398 158 51 521 115 356
17:5753:V:511 355 215 757 994 482
637:1379:V:941 83 342 350 653 261 48
146:8219:C:495 142 923 993 557 854 897 59 696 747 549 430 987 900 585 540 917 389 797 905 82 379 172 744 384 690 754 901 597 318 339 759 302 342 972 424 362 801 517
110:3531:V:47 77 969 317 485
615:8535:C:
562:4557:V:148 860
326:2448:V:502 904
107:5708:C:
799:3291:V:745 115 592
94:7529:C:
880:6114:V:367 41 53 388 701 230
46:6023:V:520 434
677:5529:C:393 464 527
160:2695:V:818 924 600 259 494 781 222 488 654 830 497 942 884
232:7036:C:954
389:9932:V:2 39 754 882 779 851 381 257 399 918 387 397 420 911 579 636 451
228:3561:V:870 901 360 251 637 892 445 444 627 677 364 65 586 805
548:4653:C:
872:9627:V:
40:9263:C:817 423 827 365 397 909 737 751 960 592
987:2760:C:119 547 921 201 82 391 379 178 473 414 627 670 261 644 28 995
960:427:C:
465:9209:V:225 819 872
531:1340:C:682 785 263
830:819:C:554 757 938 639
493:32:C:659 255 197 333 6 833 849 406 688
914:7506:V:266
777:8695:V:751 184
616:4892:V:470 662 874
854:2964:V:897 59 747 558 428 430 530 487 900 119 585 547 605 169 29 413 460 681 844 940 593 892 409 831 396 983 636 464 8 564 272
967:5270:V:189 411 708 849
249:2883:V:119 797 544 974 905 955 3 169 531 823 870 104 685 337 940 879 807 707 287 893 903 303
753:2158:V:94 663 258
530:1278:V:249 547 870 473 659 141 853 770 38 793
337:9438:V:83 342 352 966 191 324 285 790 157
178:7593:C:584 887 241 685 658 190 367 37 33 134 224 857 441 915
63:6630:V:
215:5676:V:
795:871:C:690 733 844 858 608 879 350 609 32 62 24 87 283 543 148 569
932:7065:C:
54:796:V:
168:1748:C:597 733 40 12 918 752 875 801 679
476:4128:V:976 189 52 654 206
783:1751:V:565 328
184:3187:C:
956:6480:C:684 912 316
365:1434:V:221 199 668 916 470 43 125 942
575:9975:C:258
220:54:V:
800:1362:V:168 697 820 442 363 324 144 164
89:2904:V:
784:7000:C:405 846 36 452 184 152
310:9076:C:768 403 361 924 414 208 502 60 53 895 849 157
801:9584:V:
837:8609:V:826 833
396:2260:V:222 165 803 596 729 388 832
852:9175:V:817 383 646 670 321 983 623 437 502 489 224 252
705:1563:C:141 221 660 645 287 636 358 54
385:8546:V:
256:2886:V:518 79 880 62 607 367 320 54 61 182 884
761:8634:C:836
356:7484:C:
640:9028:V:727 813 771 591 477 21 691 982
824:8465:V:724
901:8886:V:970 681 780 767 381 577 418 658
200:1172:V:115 819 359
840:1872:C:
523:8074:C:
529:2457:V:836 872
3:6153:V:29 241 42 339 817 697 361 257 890 702 881 76 714 916 49 570 498
379:3283:V:483 88 828 597 491 218 931 779 782 257 881 984 226
578:6052:C:79 649 957 765 434 317 370 919
606:3702:C:568 60
546:5275:C:533 612 565
60:8065:C:328 729
966:3293:C:765 165 25 509 166
684:2634:V:561 555 894
236:9947:C:417 164
554:6097:C:995
336:1997:V:993 308 557 854 897 747 549 430 487 987 547 271 789 82 754 413 462 251 141 446 770 181 113 309 945 6 562 286 907
544:2161:V:545 704 305 296 483 228 733 500 360 493 538 394 616 459 86 467 899 159 832
619:5019:V:833
636:7001:C:956 629
543:1627:V:919
841:8146:V:786 111 857 908 232
313:7793:V:565 176 961
506:9237:C:796 840
599:9117:V:
174:4859:C:162 669 835 822 245 663 872
344:5573:C:572 529
9:4173:V:862 606 380 437 563 749
230:8296:C:
415:7387:C:
204:4931:C:591 113 986 237 388 902
816:682:V:188 682 103 997 481 723 989 499 204 405 407 567 960 356
899:8357:V:422 254
488:5387:C:868 654 667 162 227 833 268
173:7654:V:240
968:9110:V:470 465 826 417
255:3303:C:890 831 866 446 607 668 264 784 222 927 669 984 245 620 91
528:1132:C:69 38 162 550 155
175:8760:C:851 780 34 609 75 231 889 930 46 216
133:5525:V:701
881:7499:C:72 165 7 437 520 382 96
35:6832:C:154 150 977 274 501 790 490 200 875
239:6381:C:643 335
596:5580:V:942
29:2805:V:981 104 154 40 372 950 473 928 593 782 924 862 7 856 319 33 81 118
858:3396:C:768 42 839 195 710 930 591 113 252 184
635:9222:V:501 832 303 639
205:8417:V:
520:7900:C:643 157 258 872
170:4720:V:939 328 543
569:8900:V:
931:5179:C:251 524 372 697 57 577 975 48 803 129 319 502 301 334
352:2161:V:765 522 382 484
343:8357:C:408 919 603
395:2645:V:894 382 268
403:1551:V:445 476 579 385 224 417
451:5024:C:
518:4438:C:977 677 191 477
477:3298:C:643
997:2477:C:476 669
915:4050:C:166 938
758:1085:V:125 819
598:4551:V:477 362 373 746
237:2321:V:349 85
246:5209:C:329 260
557:6830:C:90 656 854 897 558 430 487 547 271 457 632 797 905 605 140 379 228 78 734 83 255 411 362 835 821 826 562
145:7483:C:906
283:7660:C:288 596 751 432
721:6760:C:27 204 253 980 594
688:5909:C:
585:8809:V:789 296 379 630 597 491 882 360 493 686 221 804 269 416 333 702 476 332 117 943 614 105 224 417
480:6453:C:
540:7397:C:201 789 284 305 39 169 483 825 978 566 812 350 890 444 74 964 814 991 569
197:5936:V:640 627 707 607 108 134 611 652 796 262
973:1574:V:96
756:6617:C:
995:8969:V:
593:4340:V:383 401 972 633 548 942
690:3929:C:733 462 759 940 609 426 967 109 52 165 340 108 450 715 374 349
64:2160:C:363 283 18 750
95:5744:V:678 512
646:6403:C:393 204 158 961 484 639
75:1961:C:792 414 811 355 408 554 434 226 230
623:7048:V:
346:7948:V:
319:4732:V:604 240
72:8533:V:861 115
589:8661:C:142 557 854 897 59 558 900 934 457 974 126 510 82 172 808 163 168 680 926 75 788 412 74 784 586 94
376:604:C:258
549:6153:V:430 487 900 119 547 999 457 531 23 870 828 265 842 413 685 843 989 962 162 216
436:1368:V:12 292 371
171:4223:C:241 787 940 424 803 469 144
289832
188791
282294
234885
258343
277787
303385
305658
263184
292006
299773
206168
216538
267344
221815
302696
236981
217189
188663
266293
252786
208593
252283
245349
235945
290571
233807
279437
254049
228999
300625
270918
188428
293841
270417
261724
289480
210625
272557
221204
254127
273306
306154
196603
266191
286496
222418
218650
196583
190623
255037
199428
210543
226249
263579
236322
235883
215645
271417
222393
217412
300130
186579
273985
200391
297964
201378
283198
220993
183543
222990
279505
237329
254158
196898
223490
199355
261408
263400
197422
275472
260974
181539
197308
252117
233189
250924
285500
187799
257796
248571
282145
195063
191402
215074
232986
286555
240093
201309
306255
