1000
825:6727:V:759
928:9689:C:942 224 200 397 572
241:3984:C:296 339 497 201 612 921 826 502 936 622 643
102:8269:C:404
778:6136:V:409 876
92:1912:V:28 933 323 600
915:9216:C:79 959 655 784 501 646 250 553
528:7914:C:873
336:6674:C:
523:4219:V:475 800 278 968 905 158
595:8003:C:227 500 914
779:1056:V:273
172:9254:V:
120:9696:C:667 48 33 710 141 633 258 6 849 596 111 488
537:2760:V:387 959 445 427 126 780 753 520 247
293:3645:V:540 194 390 900 496 301 0 873
938:5617:C:131
23:4398:C:475 838 378 887 377
188:6612:C:691
592:879:V:688 415 900 383
871:5739:C:489 334 513 150 543 146
981:4652:C:616
842:2468:C:912 649 977 57 496 726
141:1573:C:15 663 633 415 819 410 52
202:777:C:692 104 54 570 392 895 419 718 657 529 707 157 848
817:6767:V:128 733 933 211 155 565 217 3 63 560 635 89
379:6357:V:642 892 55 30 551 231 697
415:3540:V:372 294 464
524:1163:V:192 696 53 890 120 414 407 10 628 893 918 828 478 562 920
254:3149:C:
920:8013:C:704
345:8851:C:31 889 226
553:7800:C:
580:4816:C:559
855:4725:C:720 486 979
953:6180:V:869
724:2587:V:313 512 624 772 548 299 262 755 229 492 126 563 470 194 744 325 792 825 337 117 111 528 562
489:3962:C:590 995 558 529 565 139 231 273
501:4548:C:607 819 533 546 322
725:8619:V:
811:9242:V:750 569 812 860 647
649:8454:V:716 839 170 99 697
741:6288:V:459 475 751 304 702 28 792 551 543 611 228
910:2407:V:775 828 794 17
628:4345:V:258 235
708:2892:V:182 236 3 852
149:4857:C:949 979
312:4330:C:
699:8428:V:842 935
710:4836:C:476 565 975 965 979
614:1881:V:629 954 670 374 149 271 230 914
740:6434:C:773 801 491 201 682 460 257 446 685 508 619 479 354 161
326:7079:V:311 634 751 633 984 111 791
161:8223:C:
54:8278:C:391 156 901 117 121
529:7101:V:361 510 222
401:5648:V:712 120 870 874 685 677 822 55 531
677:3560:C:521 10 843 697
590:5302:V:116 162 704
823:340:C:840 476 842 636
214:2318:C:882 614 923 959 847 753 998 258 181 183 852 322
565:8998:V:217 289
269:2568:V:262 497 629 127 283 379 306 877 480
372:5828:C:
866:7032:V:711 901
502:2518:C:23 807 563 727 270 808 854 185 993 788 818
822:8987:V:730 993 139
926:9940:C:768 380
545:2929:V:856 422 402 982 394 5 27 734 954 858 285 853 533 89
368:8839:V:976 271 705
820:6456:C:780 871 613 99
459:8440:C:129 584 778 593 628 894 768 935
637:6356:V:321 597
883:1547:V:122 795 799 301 531
593:9284:V:409 702 286 579 705
576:3465:C:
891:4701:C:4 275 996 368 400 818
732:9967:V:518
689:1967:C:
720:3828:C:980 562
275:7764:V:513 302 942 345 879 374 382
499:3294:C:501 304 124 410 294 433
168:8860:C:
867:6373:C:122
726:4782:C:
745:7540:C:720 411 853 186
657:1531:V:36 178 594 597
836:4581:V:809 875
735:7422:V:
37:4547:V:569 188
239:6103:V:868 10 634 962 579 569 665
156:3660:V:980 806
954:4474:V:428 501 508 628 567 398 798
819:9748:C:980 616 880 791
859:9821:V:571 618 71 779 266 50
600:9328:V:109 848 766
505:162:C:597 511
342:7074:V:986 264
754:6504:C:983
647:922:C:131 290
452:1620:C:584 883 284 65
3:7865:V:83 276
33:2952:C:160 174 763 55 403 937 649 606 867 397 441
412:3040:C:
16:2733:V:153
184:4017:V:33 483 563 584 955 519 421 768 853 266 154
768:6943:V:569 157 134
963:4429:C:86 950 450 968
180:7919:V:146 82 662 47
24:3913:V:693 61 8 801 982 394 205 924 97 70 993 519 582 597
284:8745:C:
173:2609:C:85 4 117 31 550 560 531 384 131
205:5063:V:539 23 694 353 133
951:663:C:395 142 621 506 897 947 66 957 485 340 11 823 608 283 790 879 87 374 149 546 105 336
470:1019:C:657 58 309 913 139
418:8648:V:836 68
32:8579:C:219 323 337 158 507
784:8421:C:895 207 51 114
621:278:V:536 316 906 541 66 973 982 262 332 187 184 72 482 596 319 464 481 266
292:1826:C:15 112 278 286 986 533
733:7777:V:337
122:3238:C:530
696:2478:C:724 316 214 683 100 517 311 220 392 470 753 255 892 372 338 914 172
206:6142:C:340 74 840 428 379 971 699 318 190 691
130:8278:V:747 231
548:8587:V:166 485 851 761 293 218 476 753 841 32 709 763 238 25 211
262:6299:C:502 963 42 328 556 655 245 451 520 345 678 701
50:670:C:
439:8875:V:653 795 743 133 263
99:7695:C:247
847:5050:C:785 800 652 864 843
395:3588:C:668 524 650 897 960 881 381 393 915 710 72 872 555 896
279:6197:C:189 126 936 475 886
464:3333:C:481 176
340:7386:C:746 62 504 483 182 913 121
493:4316:V:17 715 231 635 990
469:1130:V:
765:7476:V:159 401 856 24 66 683 381 927 773 94 925 535 950 834 475 968 622 294 843
378:8458:C:117 493 747 798
766:6531:V:78 412
237:4165:V:912 602 601
669:5131:V:205 840 607 457 228 172
352:3192:C:76 730 4 219 57 288 818 530
986:8292:C:836 880
322:5613:V:
376:5075:C:269 120 556 758 784 10 858 304 440 320 596 781 767 478 303
193:561:C:947 203 856 683 381 909 205 248 775 445 898 320 687
397:1171:C:209 183
712:4550:V:262 746 851 387 363 232 736 304 294 615
676:719:V:482 708 618 551 486
253:9885:V:370 453 67 814 547 562
392:4439:C:971 508 55 792
952:7184:C:785 674 895 568 686 928 137 876 638 153 887 412
690:7694:C:239 220 96 301
775:8018:C:405 334 567 29 93
771:9746:C:922 897 624 167 740 957 491 107 728 504 141 898 456 953 3 495
645:6938:V:312 474 356
747:5620:C:132
932:1679:V:759 880
876:5523:C:530
777:3822:V:393 681 140 94 861 542 539 191 694 676 657 722 327
108:7068:V:377 691 322
433:5240:C:188
474:9115:C:
350:3985:V:78 647
329:8963:C:
170:1337:V:979
995:7783:C:821 781 600 357
133:1951:V:
434:7511:C:
508:8288:C:490 913 359 361 611 938 704
15:2201:V:694 185 993 750 997 832 416
835:7958:V:
381:5511:C:777 780 92 977 705
494:1442:C:201 581 764 483 97 894 75 496 769
658:2152:C:249 234 126 784 253 181 505 725
674:6271:V:174 711 688 583 997 569
948:8142:V:917 693 393 430 140 629 921 946 88 257 445 459 221 96 708 919 345 276
939:2489:V:57 716 701
5:5090:C:987 202 620 445 239 265 501 75 983 31
884:2167:V:
942:2825:V:649 989
977:6876:V:
287:1432:C:295 879 266 188 247
386:8014:C:521 988 854 261
518:2628:C:199
221:2666:C:622 912 828 855 843
414:6841:V:521 221 96 688 816 123 71 602 52
641:3784:C:693 151 946 667 891 774 318 195
762:5326:C:
490:465:V:748 638 431 259
235:624:V:559 749
427:3569:C:780 164 265 785 32 869
976:7130:C:533 259
95:8395:V:498 189 706 627 981 939 596 102 40 83
940:1286:V:144 80 566 625 911 39 803 703 455 13 972 564 165 969 947 401 167 358 206 81 248 581 504 476 386 256 751 664 781 879
22:4301:V:228 121
582:3348:V:413 839
731:19:V:695 278 893 648 864
558:9762:V:258 2 435 487 195 327 224 750 595
843:5938:V:
64:1274:V:90 166 612 874 775 445 175 655 221 738 825 224 864 105
224:4365:V:750 473
260:4291:V:768 367 434
387:9982:C:608 539 492 620 239 407 450 986 640 819 794 397 907
147:7319:C:681 94 537 347 272 966 501 676 278 605
550:4403:C:
209:920:V:416 597 647
704:2503:C:
793:3844:V:677 489 854 21 318 479 447
207:4741:C:905 101 481 431 273 106
612:1652:C:392 195 441
91:4806:C:209 749
333:9279:V:621 458 437 969 313 845 53 973 241 81 229 407 847 785 709 592 182 543
440:104:C:824 759 412
561:5938:C:817 672 708 403
849:5187:C:168 835
846:4787:V:341 319 698
611:9259:V:473 349
484:9277:C:193 881 310 574 210 909 430 890 339 497 492 775 483 862 392 267 744 277 150 645 271 704
199:1268:C:875 920
36:9024:V:285
997:828:V:125
640:5497:C:689
247:2520:V:
109:1503:V:889 920 749
911:5451:V:348 39 830 623 668 333 223 714 437 95 214 906 829 88 191 508 722 980 757 63
138:6528:C:865
709:7517:C:403 636 57
569:7361:C:
257:9719:C:187 234 272 871 77 174 594 835
622:1995:V:353 330 157 59 121
334:7988:V:664 29
666:5376:V:304 207 18 716 550 289
760:3681:V:959 347 862 685 710 256 607 195 543 280 889
921:4043:V:822 275 487 849 630 569 799
830:8698:C:429 355 395 771 468 650 929 765 564 897 159 545 197 856 360 296 81 612 517 79 924 578 84 699 457 595 274
399:1850:C:868 70 342 390 880
182:452:C:477 17 715
393:1877:C:957 681 242 796 363 692 556 218 174 177 307 565 907
520:2987:V:224
429:2677:V:929 621 458 449 752 969 498 422 541 829 973 296 340 387 74 736 104 521 858 475 271 759 662
955:6192:C:388
872:389:V:277 930 134 138 350
583:3387:C:993 67 528 143
512:5070:V:53 870 655 733 278 994 743
400:8428:V:
672:5668:V:988 277 863 302 148 531 797 68
245:8733:C:264 89
729:7549:V:971 490 41 60
655:7716:C:471
924:6647:C:270 515 337 585
472:6350:C:144 80 373 625 344 348 39 703 830 516 324 610 333 159 948 66 931 376 167 681 796 205 257 575 685 2 217 781 551
837:5696:V:936 702 913 630
52:5625:V:
869:2720:V:44 920
330:6854:C:782
118:4908:C:936 540 955 742 877 477 473 809
195:9112:V:849 359 209
198:2278:C:902 483 256 432 628 146
57:9441:C:653
675:3875:C:584 928 163 136
409:7448:C:185 986 30 792 372 109 656 273
481:707:C:
787:1456:C:218 164 785 515 863 233 435 37 433 68
314:9285:V:354 953 965
169:7455:V:128 173 508 253 137 567 919 932 103
571:8830:C:637 380 914
441:145:C:480
596:4247:C:35
968:5379:V:233 493 525
185:9424:V:219 986 795 697
719:3232:V:
361:4542:V:
623:9472:C:223 192 714 484 458 713 881 5 760 246 129 815 936 649 180 480
941:5884:C:
991:5037:C:456 75 294 130 477 271 887
535:8922:C:48 706 379 653 178 40 266 121
966:9927:V:709 962 748 158 849 222 103
917:9836:C:534 641 861 205 240 868 588 966 379 733 182 640 410
962:5456:V:652 587 273
626:2001:V:703 951 355 333 922 468 621 972 56 193 203 856 881 53 442 987 870 460 924 239 568 815 286 102 795 562
348:6647:C:39 300 626 703 830 324 429 610 395 333 524 650 127 659 311 966 409 636 282 997 920
127:8112:V:328 84 191 733 558 955 582
636:280:V:78
436:7837:C:
438:5983:V:
402:2856:V:773 339 629 38 283 164 785 869
530:5255:C:
989:1073:V:
8:1500:V:946 202 675 954 677 763 901 235 945 493 750 997 9 889 254
542:1680:V:620 634 607 811 388
47:4774:V:
104:7322:C:54 780 694 342 664 571 337 125 518
848:6856:C:
506:3792:C:313 947 203 882 624 614 712 923 870 252 690 399 311 407 958 379 998 278 788 466 68 873
864:3435:C:264 138
795:9288:V:
75:8520:C:965
405:8208:V:966 950 731 343 546
808:2817:C:540 116 628 652 613 211 456 970 136
800:391:V:644 892 372 162 321 209 510 546
123:2473:C:645 768 572 743
211:585:C:186
281:8222:V:424 661 903 472 940 144 80 344 335 703 455 516 668 922 621 437 947 881 310 829 957 402 100 840 328 492 399 639 33 407 950 521 177 802 939 798
166:691:C:339 728 823 741 924 446 414 688 131
417:3373:C:794 301
358:5041:C:241 712 801 974 420 118 958 676 984 640 284 848 473 852
526:2783:V:121 308
445:5882:V:191 255 101 354 111 294 705
868:6927:V:238 318 235 898 595 759 222
7:3050:V:402 491 339 262 612 761 570 177 607 638 438 880
584:4945:V:503 359 294
698:4665:C:980 186 704
739:8216:V:
192:9316:C:714 437 536 498 624 693 957 974 120 904 741 465 513 302 228 869
131:5077:V:
799:4888:V:
927:1271:V:242 107 517 77 113 501 390 596 261 783 697
984:6289:V:767 648 264 366
908:6127:V:805 718 21 2 742 67 656 818
215:4828:C:693 8 332 760 539 445 10 538 828 171 132
369:8272:V:963 756 561 676 345 647
930:5089:C:559 779 645 204
531:3611:V:
178:4999:V:
447:4961:V:
485:7804:C:974 218 655 446 97 745 611 518
76:6221:C:233 318 649 83 264 317
763:2033:V:559 635
546:1693:C:
532:8574:V:
337:4959:C:716 178 997 518 961
145:4942:C:205 460 729 305 568 96 790 912 514 749
266:2286:C:550 44
411:402:C:528 377
588:502:V:72 521 888 584 291 551 595 289 965
652:7388:C:725 47
946:4915:C:448 844 620 764 561
560:1008:V:
544:9822:C:29 983 157 231 431 186 0
144:4449:C:80 566 625 911 335 39 300 703 355 192 458 724 943 882 64 609 326 33 508 584 828 651 225
451:6199:V:
343:220:V:16
522:8860:C:67
992:3247:C:578 862 97 958 418 57 782 46
404:5924:C:
815:9836:V:119 435 510 146 791
55:2316:C:216
933:9074:C:19 559 983 705 288
748:8208:C:757
85:3535:V:275 645 288
744:9303:C:235 519 552 135
659:518:V:407 808 699 988 334 854 863 670 123 195 717 824
841:4699:C:892 670 894 977 451 68
111:229:V:786
897:2591:V:603 881 541 801 761 43 249 971 590 968 374 907 560 60 406
498:4871:C:90 310 772 210 693 723 229 184 894 247
396:8911:V:644 763 163 155 398 582 410 134 290
901:7164:C:838 622 984 478 769 209 806
177:7818:V:872 6 309 155 707 814 397
25:6247:V:236 158 224 835 336
959:7834:V:42 483 710 686 751 684 67 400
430:8040:C:339 728 81 746 581 760 741 328 184 446 286 684 993 879 102 528 431 406
14:2538:C:549 17 860
589:345:V:392 869
272:1775:V:966 568 737 854 893 984 955 244 799 188 68
238:3043:C:370 224 354
929:740:C:714 197 167 909 166 773 734 659 967 104 272 784 708 618
460:8775:C:850 23 414 243 372 244 991
504:7746:V:555 163 134 532 875 82
251:3269:C:978 654 500
9:57:V:
788:508:C:720 656 605
327:9452:V:742 855
974:1704:C:925 11 728 442 826 760 741 563 327 410 9 809
889:4390:V:
432:344:V:439 878 722 716 261 433 507 315
610:3853:C:355 395 668 621 458 506 724 713 498 586 296 890 820 517 658 826 283 42 504 391 810 908 821 507 134 531 632
219:9706:V:323 182 195 757
750:6870:C:463 889
727:1553:V:15 379 76 619 436 979
210:2212:C:598 746 249 967 599 184 748 314 400
467:7566:C:753 540 643 788 479 648 356
259:4568:C:
879:2244:V:
106:9637:V:247
265:8741:C:928 409 29 71 743 60
263:826:V:
654:6077:V:935
852:635:V:
93:161:C:
625:8797:C:911 335 39 803 300 223 13 192 165 159 700 8 402 145 94 764 663 590 396 800 567 25 977 388 180 572 616
536:6843:V:573 969 1 683 681 296 442 915 535 169 72 666 44 647
685:6929:C:833 936 255 673 477
11:4994:V:100 542 870 234 141 733 800 744 933 587 487 551 410 132 366
98:3082:V:799
717:8223:V:528 975
587:7323:V:71 749
197:5144:C:64 609 7 393 299 773 723 107 189 760 202 924 272 476 77 811 479 879
539:3467:V:234 407 112 613 51
714:531:V:506 165 449 536 752 943 1 541 53 777 358 332 728 460 826 427 584 258 513 779 16 480 308
764:5549:V:563 891 396 408 613 245 648 531
311:1955:V:83 12 103
680:362:V:
410:2060:C:16 83
495:2739:V:469
758:4949:V:403 649 781 953 447
774:7334:C:278 2 370 638
802:4722:C:877
541:8130:V:90 7 925 394 38 734 232 659 847 859
157:1727:V:546 635 914
323:5753:C:
356:7490:V:60
983:6535:C:
624:3543:C:494 43 659 787 871 77 895 751 792 323 370 176 791
88:2830:C:984 150 912 896 522 559 273 9 133
907:295:C:665 172
309:3162:V:425 388 354 463 848 186 726
413:7892:V:867 806
609:78:C:381 777 166 94 120 987 116 450 986 372 479 776 99
737:8862:C:718 867 186 60
667:8096:V:48 588 509 592 962 163 579 51 809
87:5042:V:436 227 170 52
888:8310:V:253 278 799 199 288
934:3096:V:2 799 254
121:9503:C:
341:8744:V:742 496
711:9942:V:155 487 776 932 852
912:8773:C:559 985
153:2067:V:357 60
574:210:V:7 777 614 262 629 184 991 91 518 170
998:3104:V:418 354 747 271 301 103
861:6455:V:100 692 561 220 391 666 781 997 231
810:4726:V:116 29 984
605:9421:V:
831:7654:C:106 806 865
116:4161:V:622 487 964 795 356
42:3193:V:924 84 414 971 544 748 651
638:2347:C:287
678:6513:V:
21:8161:C:572
586:736:C:574 614 81 761 675 556 428 936 593 527 441
751:6652:V:325 409 55 25 792 217 716 794 109 136
115:3355:V:218 33 407 709 260 178 161
780:7291:V:544 96 854 513 567 636 268 303 266
72:6092:C:508 619 211 359 505 276 366
497:6483:V:902 79 187 694 475 711 642 883 560
377:7329:C:99 412
240:7924:C:175 234 311 499 619 684 559
648:2843:V:35 687 131
66:7233:C:90 574 120 760 363 736 774 177 457 962 124 552 799 806
297:441:C:
782:319:V:46 886
213:4553:V:457 912 180 653 783
27:9153:V:963 736 305 467 396 593 711 490 322
137:8732:C:551 732 965
335:8360:V:348 703 830 516 610 395 333 922 192 929 95 969 360 773 460 79 23 745 679 701
100:7659:C:826 202 363 599 184 97 988 788 224
631:1821:V:
303:6207:V:
899:6811:C:71 529 287 135 747 303 759 157
274:7728:V:209 336
277:396:V:702 738 286 939 583 637 433 477 134 473
129:3676:C:731 673 163 722 630 359 991 531
993:5946:C:767 647
828:3625:C:361 835
155:4490:V:519 109
664:4307:C:238 802 926 3 510
476:8670:C:501 731 450 592 453 953
791:6952:C:
865:6156:C:979
236:3258:V:649 697
957:7542:C:394 432 307 567 338 217 254
18:6038:V:838 6 900 569
608:5441:C:232 639 655 174 221 666 945 781 645
148:8677:V:
491:3088:V:205 734 840 575 862 128 435 630 153
814:92:V:50 886
10:8486:V:408 918 828 781 230
321:8017:C:170
892:8526:V:513 916 838 6 368 130 518 597
770:5010:V:568 644 390 885
987:3990:C:736 191 892 378 630
200:8294:V:562
838:7312:C:102 477 106 835 308 554
31:2705:V:83
909:9553:V:196 369 851 967 639 950 457 744 557 602 783 795
816:4219:C:37 879 591
143:1624:C:
824:3382:V:514 594 597
59:7503:V:
644:5477:C:6 318 295 139 180 919 329 769 732 222 121 99
483:9672:C:128 863 400 920 631
449:6756:V:437 724 944 969 917 393 497 581 840 910 868 54 570 731 58 662 880
371:9685:C:811 645
220:706:V:482 238 838 786 308 136
903:3886:C:472 144 566 625 911 335 348 803 830 623 610 13 714 458 449 752 151 612 38 741 175 84 677 822 267 866 36 580 636 767 321
931:2222:V:829 215 581 328 667 305 405 265 529 989 186 44 322
805:8559:C:567 323 224 132
390:1975:V:109 572 385 873
960:3964:C:197 512 64 909 402 890 94 868 446 118 15 238 451 345 227 404
839:4920:C:615
818:3209:C:
2:1087:C:885 559 824 867 170
176:3056:V:438 289
223:8462:V:458 437 193 498 64 494 201 598 612 850 667 305 446 685 475 478 732 705
349:1999:V:47
772:4446:V:548 196 201 987 659 252 399 48 408 55 618 518 530
971:8130:V:253 124 14 976 547 887 889 336 44
801:4965:C:460 240 539 690 459 706 727 457 415 341 799 719 47
970:3268:V:
228:8671:V:806
29:4049:C:101 977 410 953 259 835 886 317
339:4501:C:760 79 328 15 85 591 488
84:776:C:706 607 156 876 219 981 245
578:1797:V:655 272 489 4 733 195 479 268 199
980:8896:V:
767:1004:C:720 454 301 412
132:9212:C:
477:2494:C:597
114:195:C:
894:9757:V:514 134 875 975 480
487:8144:V:852
90:2652:C:574 548 358 196 982 974 394 120 189 921 74 79 390 579 514 864 406
218:7169:V:15 834 676 116 619 843 697
276:6785:V:
270:558:C:998 742 130 907
119:5047:V:304 258 735 596 611
559:6220:V:991 769 651 983 605
366:1639:C:
463:7986:C:380 511
346:7577:C:230
295:2323:V:451 991 474 308
651:4877:V:
701:8885:V:
514:6802:C:749
923:9854:C:442 746 734 787 599 33 590 255 702 185 942 139 125 798
511:2403:C:
455:9066:V:324 468 650 462 56 536 316 545 882 881 534 829 925 5 685 364 25 816 684 487 912 918 496
288:6538:C:
845:9902:V:906 574 376 34 206 127 240 859 673 652 983 749
290:6894:C:
803:5069:C:617 455 623 771 668 524 972 897 906 777 5 465 770 32 450 901 825 848
607:2382:V:699 509 962 286 36 135 961
692:4368:V:592 738 638 716 60
773:7927:V:81 612 946 33 891 663 805 628 150 37 400
28:626:C:828
86:2038:V:126 15 129 150 913 57
357:5312:V:616
877:5527:V:35
51:4536:C:
566:4684:V:625 344 911 300 830 223 192 972 498 948 24 624 53 376 8 755 658 535 756 868 774 962 146
465:2135:V:763 640 171 560
670:5407:V:618 320 510
299:9484:V:242 494 974 612 160 833 676 763 238 435 245 961 554
248:7956:V:363 967 590 221 718 559 397
878:3068:C:585
661:4991:C:472 940 144 566 625 344 911 300 830 922 468 449 947 603 741 459 169 386 432 450 555 738 122
547:4519:V:
616:4555:C:
736:6776:V:924 88 556 175 446 694 731 633 551 606 776
150:6773:C:767 354
783:688:C:721 647
890:7767:V:535 392 76 450 207 601 798
521:1119:V:607
308:3670:C:154
500:358:C:
936:8900:C:319 611
581:5312:V:958 785 508 936 805 119 657 490
620:2532:C:459 432 207 235 443 779 421 983 131
969:8520:V:313 772 548 393 497 629 826 129 779 526 464 276 154
316:6:C:681 8 581 535 116 879 953 505 970
552:3541:C:
882:8183:V:64 90 548 241 485 339 987 851 74 963 233 21 251 87
632:3401:C:
301:7855:V:554
604:8024:V:673 137 688 842 937 71 98 463
45:4402:V:
965:1493:C:
579:5520:V:848 357 44
475:9652:C:587 748 716 336
488:5494:V:704
789:6691:C:874 234 646 213 116 461 368 117 280 814 769 431
12:6328:C:726
6:1267:C:318 602 788 781 268 662
58:1710:C:885 648 227 146
191:4870:V:895 519 919 290
431:2903:C:83 766
895:7438:V:731 688 550 50
615:8905:V:
700:5674:C:548 460 292 234 706 685 958 211 792 182 894 271 654 264 480
480:4956:V:
0:7235:V:
444:310:C:189 581 428 563 833 888 568 666 800 435 939 864 122 786 743
82:9849:C:
533:9976:V:
844:1023:C:88 967 160 895 409 919 546 889 605
949:6345:C:
716:1756:C:
585:5184:V:
20:8649:C:118 950 833 76 590 673 792
749:7213:C:
325:3154:C:207 901 199
261:7973:V:
222:9815:C:886 317
776:5199:C:31 273 887
448:5478:V:118 150 453 806 230 880
442:6035:C:850 677 76 173 85 717 510
317:7042:V:
78:8629:V:
886:5817:C:
567:6343:V:370 640 636 795 68
538:5924:C:21 318 885 670 945 637 441 199 550
703:969:C:355 650 564 165 449 498 603 167 34 777 358 804 712 339 946 54 286 986 754 345 353 138 697
394:8376:C:205 272 570 544 763 583 828 606 433
893:5231:C:323 913 640 17
964:2236:V:
551:4054:V:298 356
243:1638:C:275 955 596 456
258:7460:C:155 168 920
812:6766:V:616 749
478:6140:V:
718:9411:C:383 51 836
338:641:V:410 273
591:1676:V:488 47
370:9455:C:855 645 687 616 914
684:1084:C:378 953
746:4733:V:27 734 459 390 490 816 291 645
71:6307:V:413 814 605 290
715:445:V:762
190:4405:C:17 377
407:9406:V:872 509 968 619 587 25 345 843 665 254
181:4403:V:431
124:2423:C:58
556:7206:C:160 76
363:5700:C:502 465 905 684 51 224 920
383:607:V:261
286:1744:C:453 244 767 768
69:1820:C:165 947 203 167 189 870 292 328 962 101 600 132 78 412 247
705:4551:C:
809:5014:C:500 44
315:3029:C:965
294:6118:C:569 303 431
471:1345:V:294 975
905:9088:C:477 691 290
650:4207:V:765 972 545 973 693 777 974 394 120 292 126 2 235 549 114 980 78
722:6017:C:997 532 474
653:754:C:
509:3704:V:592 370 287 932 297
914:3811:C:
798:9202:C:
918:1331:C:139 130
597:1010:V:
738:9005:V:582 22 188 843 762
256:2781:V:854 795 136
255:4183:C:905 567 519 359 478 102
713:6477:C:857 422 66 534 586 358 107 151 460 265 676 998 137 354 161
117:8619:C:17 880 47
420:2632:C:589 77 439 657 235 338 117 276
359:6721:V:479 585 889
226:8225:V:
554:9114:V:
978:7158:C:397 106
540:4644:C:709 619 124 398 380
937:104:C:519 636 231 266 562 138 290
887:3509:C:488 616 605
107:2755:C:746 734 675 392 593 323 510 791
479:5863:V:180 473
81:8693:V:442 535 756 432 607 664 886 380
925:609:C:394 537 746 761 658 79 575 467 607 374
229:1131:C:84 184 807 97 76 182 343 303 782
961:1405:V:312
285:4918:V:836
972:5372:C:437 944 1 24 8 269 861 442 202 627 747 16 848 500 103
278:6591:C:37 146 806
403:4033:C:824 953 3 273
212:2245:C:965
154:285:V:
97:5482:V:106
35:7137:C:481 839 572
128:9449:V:243 390 619 937
742:6249:V:244 374 31
419:8523:V:828 767 222 749 247
201:2359:C:248 787 692 710 246 482 962 912 726
486:2493:V:264 914
146:3812:C:289 132
796:4901:V:756 73 589 966 956 891 156 207 409 2 411 932 914
534:5703:V:358 982 612 43 26 578 150
94:3819:C:151 755 659 667 633 275 962 670 636 345 224 514 985
642:3339:V:233 587 986 30 496 153 907
328:3264:V:115 33 677 958 10 846 898 181 824 941 979
668:7034:V:208 13 536 969 943 624 90 796 761 620 692 888 936 711 58 158 280 739
723:8685:C:100 118 439 124 937 398 337
362:4589:C:
947:8013:V:943 242 494 728 874 311 780 663 233 996 648
46:1685:V:743
382:716:V:
38:4414:C:43 963 483 169 710 164 636 653 171 978 209
367:8332:V:
171:1272:V:114 651 315 920
944:1378:V:969 960 179 882 310 829 957 402 923 201 27 420 272 392 968 219 582 919
351:8158:V:677 643 831 507 259
103:3486:C:
730:250:V:618 955 158 648 290
160:1297:C:731 509 800 200 17 297 605
967:4153:V:578 48 655 568 327 314 254
159:7474:C:53 534 829 548 393 614 242 658 43 229 363 817 475 450 602 285 546 264
734:3244:V:741 736 42 257 218 868 54 246 174 96 211 471 181 298 268 98 831 961 12
307:6355:V:800 36
158:6099:V:264 875
496:6689:V:759 9 350
660:6254:V:769 569 835
461:6345:C:255 390 565 799 907 308
697:6281:V:
873:8701:V:
63:3532:V:356 914
996:2753:C:622 779 361 814 122 78
60:830:C:
874:1544:V:910 694 674 711 709 892 702 926 799
83:5462:V:154
919:5330:V:691 818
13:8894:C:714 943 845 882 906 61 339 100 598 659 967 685 265 694 70 173 557 596 991 181
136:9757:V:
515:8888:C:988 695 233 901 58 849 225
189:7010:C:392 785
406:647:C:
249:8140:V:257 184 465 784 833 76 501 177 359 551 222
302:9266:V:657 955 190 949
821:32:C:
975:5658:V:
613:6268:C:235 529 611 721 336
1:7103:C:856 376 167 34 641 681 242 94 107 728 118 162 809 749
44:3603:V:701 78
557:6043:V:157 153 259 495
388:5307:V:222 843
408:6012:C:805 284 839 264
792:1974:C:618 651
456:9406:C:109 569 759 806
619:7798:V:211 235 887 647
686:4245:C:267 666 255 790 991 716 312
979:535:C:
74:1217:V:655 833 876 318 464 44
416:8621:V:
753:5675:V:320 400 377
468:6349:C:13 142 714 165 947 24 882 534 210 215 777 262 332 120 761 946 659 427 563 710 246 630 654
781:231:C:572 312
673:7459:V:827 939 529 212 605
443:5871:V:149 231 869
898:2610:V:
564:8680:C:700 683 381 299 982 491 206 723 151 189 517 252 639 255 258 900 388 743 254 93
916:24:C:
80:2834:C:344 911 300 455 516 623 771 668 223 142 313 310 34 923 755 42 492 599 956 999 409 602 883 616 132
79:7369:V:963 128 2 9 377 875
617:6634:C:516 192 545 512 66 957 712 296 23 966 286 926 638 583 867
602:3098:C:717
956:61:C:968 390 250 199 605
757:2077:C:585
904:4341:C:387 789 863 306
89:1363:V:
691:6044:C:
385:8365:V:935
935:7262:V:726
242:9810:C:861 987 252 963 293 895 872 636 134
646:393:C:981 150 640 477 297 809 615
695:4166:C:137 158 67 877
706:1459:C:718 652 842 653 554
389:434:C:460 202 232 169 164 174 177 708 123
134:8428:C:488
267:1338:C:540 708 828 864 228 231 349
922:3010:V:524 929 972 696 437 159 943 534 310 402 491 746 755 891 419 643 649 280
827:9415:V:36 649 481 230 68
681:8769:V:332 201 862 784 633 349 949
743:301:C:704
599:1058:C:160 676 540 805 977 87 441 132
755:5461:C:946 535 23 555 217 359 200 59
331:4322:V:375 472 940 144 80 566 625 911 703 516 324 610 355 771 714 765 897 614 11 100 151 420 492 780 160 895 409 306 977 186 597 44
373:9728:C:566 335 39 324 650 458 564 69 449 214 422 393 296 279 680 38 43 234 218 54 467 275 876 587 30 36 913 453 371 158 720 997 591
462:7137:V:700 313 401 203 856 64 624 90 7 430 242 442 27 833 119 258 619 705 762
435:7413:C:36 596 413 994 705
374:1322:V:631
30:5829:V:51 720 798 797
880:2481:C:
853:5848:V:797
332:7938:C:100 669 992 420 252 118 685 710 676 544 555 587 417 453 651 989
233:3631:V:937 320 645 464 848 852 412 93
881:3137:C:310 393 712 339 861 201 5 844 620 445 258 767 135 125
282:5391:C:
355:2422:C:395 714 765 897 95 624 34 292 535 72 753 277 403 637 783 176 266
425:9275:V:478 421 297
639:5009:C:561 20 55 993 71 616 705
950:7567:C:392 688 286 722 926 139 168 152 271 312
380:8981:C:315
398:3800:V:486 303 271 301 50 289
482:7218:V:872 998 939
634:3197:V:790 25 362
4:4520:V:916 403 684 36 453
683:4130:C:534 629 728 987 389 760 675 736 577 764 160 888 568 919 17
183:5086:V:
354:3641:V:308
635:6337:V:
234:5165:V:191 521 666 859 19
829:7099:V:681 8 332 723 448 639 427 599 256 182 912 199
656:204:V:
68:6277:V:
858:4531:C:390 233 893 877 46
194:6312:V:618 343 660 200 154 367 697
273:8669:V:
424:1117:C:661 331 375 472 940 144 625 39 300 516 922 13 650 929 142 765 165 897 536 724 943 882 215 252 184 128 778 733 802 732 276
34:9633:V:909 402 485 497 608 658 667 351 575 33 607 733 25 30 926 195 125 907 635
598:8104:V:680 84 213 854 718 611
702:8758:C:899 477 782 531
525:4159:C:814 486 367
627:1300:V:277 622 670 98 783 762
298:1967:V:474 170
140:7924:V:755 761 784 476 634 439 416
65:6546:V:
606:7574:V:
857:2674:V:548 973 813 494 189 685 116 619 155 68
437:664:V:159 214 683 909 358 360 494 861 164 255 876 233 3 227 886
48:5500:C:187 256 10 642 514 518 134 560 797
492:8938:V:733 51 178 531
813:763:C:612 761 539 837 128 57 782
790:6323:C:567 55 318 487 997 93
113:6203:V:800 790 864
126:2410:C:710 221 544 245 453
913:4893:C:162 149
324:5538:V:610 668 223 208 458 56 969 1 151 198 851 539 88 967 677 342 266
721:9959:C:510
49:5951:V:971 509 291 359
707:7589:V:362
728:6427:C:987 504 459 936
555:3184:V:738 622 337 809 60
244:2350:V:572 247
807:3657:V:838 280 985 31
577:8711:V:639 326 868 160 174 156 29 754 552 109 776 743
572:5495:V:
291:8166:C:51 345 464 374 848 869 308 412
785:7169:V:238 490 285 57 117 135 651 227 616 45 615
101:7814:C:887
834:3546:V:403 707 975
570:8207:V:76 778 854 709 673 688 652 613 898 580 321 701
870:5122:C:517 760 741 459 556 141 96 666 968 124 898
850:3687:C:787 582 759 605
56:9120:V:214 856 64 548 147 494 974 723 387 328 459 104 175 834 863 596 57 3 250 938
761:1607:C:202 326 379 156 29 937 487 456
165:2238:V:159 316 512 856 881 681 94 974 723 658 826 578 257 667 187 218 523 780 207 892 21 738 613 365
503:9746:V:711 439 139 976 989 186 222
618:6492:V:638 231
289:3052:V:99
563:6423:C:677 871 71 87 436 204 989
250:6876:V:
306:6252:C:456 651
225:3935:V:
568:1085:V:810 699 934 271 41 346
633:4802:C:901 124 896 285 716 438 665 254
283:5917:V:756 184 352 334 628 744 993 572
786:9252:C:154
187:4952:V:76 255 718 251 652 819 720 148
142:521:C:897 545 948 8 542 807 695 738 286 994
125:3944:V:776
988:3167:C:450 688 2
305:5810:C:104 563 267 419 123 867 136
227:9948:V:818
549:1794:C:397 284 447
365:1618:C:368 980 818
517:8313:C:328 48 483 126 141 822 688 842 618 748 370 735 125 530
665:9282:C:
43:3630:C:229 403 235 754 739 704
999:7459:V:628 513 287 849 456 301
139:598:V:514 35
454:9159:C:413 867 949
756:3838:C:234 391 174 55 163 323
900:9630:C:195 341 346 869
682:7961:C:229 874 293 556 104 810 267 876 652 338
252:1945:C:239 908 260 453 519 602 742 653 130 635
319:1582:V:481
300:770:V:455 324 951 355 922 524 192 897 512 24 609 7 614 166 982 497 394 537 680 501 568 998 278 622 918 532
304:2325:C:892 718 378 287 67
688:322:V:557 981 768 136
594:6866:V:532 89
985:1031:C:413 132 404
806:6488:C:
230:7150:V:884 131
473:563:V:146 835
231:1627:C:
958:8556:V:657 978 103
204:1079:C:297
832:123:V:631 93
863:1699:C:137 19 754
175:3064:C:599 633 450 439 29 478 345 315
268:9893:V:321 975
40:6467:C:222 705 869
973:8477:C:982 201 442 870 74 741 257 428 793 958 49 275 353
687:9613:V:380
77:7964:V:540 14 153 989 994 687 546
426:8917:C:855 879 867 349
280:9956:V:250
663:4627:V:593 439 19 945 932
797:818:C:
232:6925:C:954 169 628 417 285 721 687 550
982:6853:V:485 38 252 272 834 275 926 280 75 769 576
167:1233:C:402 491 629 283 492 191 452 711 285 294 747 380
458:3653:V:437 159 947 498 943 1 90 609 34 147 957 241 485 629 542 79 539 239 971 28 816 670 101
313:2863:V:394 229 363 539 620 160 955 913 896 101 550 679 412
875:9297:V:635
902:9310:C:952 694 544 409 219 993 57 45
629:16:V:79 675 272 465 763 153 473 366 367
693:9231:C:332 205 442 38 407 272 501 553
896:5998:C:456 528 303
105:6586:V:
216:7674:V:297 818
353:2423:V:831 106
164:3016:C:590 482 456 549 154
152:4335:C:108 397 495 647
163:7135:C:98 110
601:8781:V:226
73:1229:V:556 908 213 32 194 894 180
833:1045:C:403 748 487 341 579
320:6721:V:176 887
826:7256:C:115 599 588 426 117
96:7337:C:643 611 227 161
851:5738:C:202 967 817 483 521 119 505
516:9098:C:223 13 192 724 603 179 197 856 53 90 777 145 491 861 925 728 189 755 756 445 476 822 508 119 673 403 819 51 747 157 665
174:2225:C:323 435 67 110 852 259
575:6887:V:483 727 642 513 58 618 930 855 199
769:7149:V:
217:1767:V:41 715 146 350
990:9682:V:
662:1309:C:631
562:3341:C:377
135:7238:V:438 89 247
186:5825:C:
885:2875:V:606 397 562 920
466:4642:V:
318:425:C:195 168 436 183
61:4039:V:296 851 731 905 993 630 317 662
603:6854:V:430 402 332 205 851 249 476 733 158
196:2926:V:444 761 448 445 966 664 673 592 291 533 400
422:8512:V:53 167 100 755 292 23 956 872 307 955 602 125 651
446:5929:C:822 221 567 913 743 78
457:4405:V:163 684 306 181 978 397 591
347:4715:C:958 888 475 211 767 209
679:8879:C:290
375:2334:C:472 940 80 625 344 911 300 830 324 771 922 696 881 624 861 870 921 459 267 156 592 163 825 139 653 510 935
906:9624:V:777 723 292 850 74 502 692 88 862 966 236 117 732 301
110:2107:C:
510:4877:C:
694:6269:C:753 633 490 670 101 122
543:8594:C:698
67:2446:V:298 411
203:7763:V:957 491 851 563 246 10 540 802 36 849 436 769 374
53:1239:V:574 299 296 206 189 43 504 446 563 489 10 711 408 217 543 290
70:59:C:307 238 182 9 665
423:2365:C:
344:9648:C:348 39 803 703 610 668 922 524 223 208 192 462 621 458 506 95 573 969 857 624 609 581 837 655 933 163 980
630:2381:V:117 547 480
804:3159:V:629 283 736 115 48 862 780 439 579 181 919 40
271:7744:V:687
862:2830:C:995 642 124 58 89
994:8259:C:
62:1635:V:556 164 984 183 404
179:7026:V:545 197 987 363 736 239 352 467 590 342 4 622 977 886
208:7420:C:506 752 882 973 94 723 517 850 229 729 141 278 640 887
384:8014:V:480
39:5777:V:300 429 668 564 165 1 66 310 829 376 609 740 946 741 428 871 800 163 849 877 3 572 289 914
513:3342:C:977 178
41:1122:C:276
17:5783:C:404 99
26:630:V:659 874 234 950 604 988 892 237 291 977 768 843
391:1029:C:10 129 707 209 46
360:487:V:581 755 252 305 686 213 233 75
507:7669:V:9 726
519:2071:V:114 146 46
794:472:V:464 136
364:6637:V:905 514 3 762
527:4672:C:150 913 426
943:8825:V:310 381 61 890 394 923 746 252 787 48 23 748 87 109 114 662 138 315 965
860:6844:V:
19:834:C:653 665
151:3794:C:502 874 844 218 523 744 702 997 782 562 665
310:2814:V:609 772 740 693 497 38 870 963 540 854 912 3
671:1173:V:281 661 903 375 472 940 144 80 373 566 625 344 911 335 39 621 214 242 262 328 347 174 737 207 530
162:4870:V:543 495 423
759:1579:V:994 161
752:5690:C:214 1 310 909 206 252 736 844 293 891 37 217 114 983 560 247
112:6267:C:642 898 742
264:5604:V:884
854:3961:V:673 587 986 268
573:5322:C:906 61 890 723 420 476 439 219 602 645 654
450:3639:C:842 67 533 860 762
296:1212:V:242 982 974 107 502 988 334 863 718 670 109 886
246:9054:V:489 744 555 869 662 136
453:6221:V:582 479
643:9411:V:413
428:6197:V:998 25 527 14 91 486 507 907 404 597 697
421:9310:V:268 413
945:4765:V:410 431
856:9419:V:881 53 34 340 151 902 202 502 399 639 48 418 370 17 45
840:4762:C:540 287 125 679 843
203470
264751
264198
270603
241589
197480
230457
216073
221351
239198
241596
240482
265958
258176
181741
211894
200701
203825
206171
249890
206358
203290
239412
234950
256275
255668
245052
217108
211489
251486
183898
270349
219333
253672
203967
186786
263400
248143
251609
233682
217079
183982
243562
222830
202157
260916
235526
243575
255082
236883
210388
257220
255194
268686
237233
218971
180767
240838
244591
246664
188731
243521
262158
260360
185894
189111
236643
181205
252647
253686
245426
255236
229225
181733
257488
233305
266279
180883
217078
264099
247170
179662
254803
260336
237096
228701
232799
190862
245766
179334
211320
238953
193864
222552
182978
256077
188659
249617
233187
207905
