1000
465:2524:V:496
0:7065:C:209 268 579 392
845:75:C:689
615:618:C:7 384 391 494 53 510 450 3 901 897 938 212 439 903 272
361:3426:V:
980:9390:C:767 839 931 300 216 887 73 879 707 863 23 666 474 630 907 539 960 745 70 818 764 783 204
136:7964:V:977 528 856 110 519 961
994:5230:V:389 691 379
239:6412:V:525 244 946 380 139 869 476 658 588 277 398 129 942 944 735 576 189 772 860
184:6350:C:179 278 178 929 334 727 462 313 351
39:3444:C:884 972 422 960 437 334 793 462 98 24 639
576:3326:V:392
21:6455:V:627
866:9808:V:234
768:3751:V:366 550 124 632 610 765 587
321:4258:V:595 450 503 800 656 857
934:5696:C:301 255 354
878:4609:C:982 223 699 733 452 304 374 80 735 536 491 236 923
92:6169:C:205 934
560:4574:V:461 601
234:4753:C:2
254:7580:V:145 936 888 126 187 265 520 969
918:7981:C:596 477 100 834 697 77 67 293 742 401 63 461 601
970:2964:V:426 785
896:4916:C:867
80:9971:V:46 976
222:6892:C:
250:8631:C:801 83 690 807
5:1195:V:290 923 272 399
816:5559:C:
597:3996:V:976 423 996
855:2794:C:507
117:5112:C:898 569 785
375:2643:V:
268:5489:V:774 626 471 238
997:1094:C:
93:3314:V:
77:1433:V:673 99 537
13:6799:V:874 183 146 616 570 510 915 84 727 595 141 48 230 2 399
992:5778:V:980 107 767 216 73 125 717 309 147 808 707 143 974 59 453 616 67 768 559 268 901 156 288 796 937
400:2522:V:681 12 110
863:9140:V:271 865 343 642 875 166 921 787 636 828
857:642:C:
67:7154:C:493 571 457 260 986 222
790:4774:C:572 767 386 490 687 95 751 25 628 734 459 677 749 3 611 174
661:7405:C:958 986 638
173:7068:V:406
739:296:C:664 329 564 614
665:5557:C:
713:7546:C:150 78 194
340:6947:C:
554:2320:V:
552:7802:C:
860:4881:C:
943:2220:C:254 419 196 648 819 542 486 245 333 521 591 480 693
726:3061:V:865 941 372 813 129 132
95:2285:V:889 434 814 109 972 419 51 573 845 296
924:3184:C:43 281 105 361
15:6161:C:435 457 538 279
514:7699:V:403
337:2101:C:692 992 788 980 767 887 207 56 180 68 481 982 505 445 74 116
90:5350:V:330 175 650 662 592 296
418:2029:C:586 438 687 95 707 269 895 983 955 600 384 231 223 699 706 535 272
133:5754:C:128 516 340 923
923:3640:V:
314:9482:C:65 60 736 919 639 880 296 236
523:5548:C:160 672
149:8391:V:
470:2617:C:
209:9112:V:318 727 450 292 925 772 857
767:5578:C:931 490 918 887 262 596 669 687 734 65 601
108:1261:C:87
28:6623:V:35
298:6208:V:
116:1171:V:
182:4999:V:948 770 153 958 576 297 601
520:680:C:517 353
624:6811:C:822 668 990 622
824:7243:C:6 321 268 688 198 21 12
987:3520:C:150 66 639
912:1027:V:10 925 33 181
691:6024:C:528 354
421:7438:V:384 393 482 459 278 372 775 897 947 408 805
664:9428:C:
306:511:C:704 751 909 239 421 39 318 744 252 445 583
897:6367:C:787 10 578 799 856
443:8939:C:
461:2684:C:627 35
991:1523:C:
627:5059:V:905 923
947:548:V:785 782
927:9726:C:184 179 972 631 973 921 770 549 191 765 650 746 501
185:1253:V:
791:5005:V:400 346 809 133 711 736 426 2 667
517:2676:V:
447:1944:V:586 438 306 704 707 371 231 570 628 525 368 927 941 478 660 534 973 268 921 588 661 252 117 416 977
981:6328:V:
850:4677:V:552 622
623:1710:C:
114:2109:C:917 104
631:8811:V:706 774 24 189 120
963:8917:V:389 483
648:1283:V:292 939 938 46 867
749:8668:C:226 307 948 757 292 54 801 579 637 522 72 470 432
958:7336:C:227
478:2513:C:380 321 954 793 429 820 308 91 668 823 222 228
171:570:C:779
180:6957:V:231 988 525 642 254 43 385 334 936 888 787 573 809 560 637 258 993 399
98:1181:C:138 485 574
662:3433:C:
429:5060:V:320 959 36 442 264
811:1216:V:67 199 529 875 631 699 595 427 103 773 772 644 64
617:4122:C:86 132 432
528:5470:C:111 802 797 961
151:6566:V:130 731 942 203 105 349 681 769 582
605:6401:V:
891:6478:C:780
462:8168:C:722 987 245 724 66 583 728 990
892:3746:C:499
266:3512:C:871 616 362 543 525 139 757 786 844 671 435 731 129 86 402
88:5953:V:
788:1997:C:980 386 49 73 125 438 599 131 562 704 707 895 472 169 207 56 685 893 417 482 631 151 757 776 888 430 420 632 28 873
181:1540:C:12
96:1836:C:
215:5280:V:652 130 612 648 439
716:2296:V:415 4 479 951 621 417 370 244 775 492
870:2699:C:429 538 94 511
625:6954:V:54 856
898:2313:C:
127:4254:V:359 334 330 508
653:9220:V:727 541 114 940 779
172:6528:V:969 569 29
83:8724:V:463
883:9843:V:613 835 668 959 528 828 352
111:7324:C:524 903
476:1328:C:676 277 502 987 101 981
251:4781:C:160 637 873 227
350:2261:C:15 495 998 54 212 302 740
500:4731:C:
746:5553:C:110 601 236
288:932:C:966 557 620 561
257:6449:C:534 182 377 455 595 277 420 523 324 288 225 137
532:4358:V:203 940 639 460
978:5905:V:60 564 392
612:1384:C:152 939 430 24 137
482:8344:C:158 377 671 445 577 164 319 857
110:5843:V:
600:6508:C:19 444 529 487 495 625 740 160 175
640:5602:C:942 94 703 361 866
138:596:C:
535:8999:C:74 940 578 449 880
516:1911:C:
588:6637:V:674 330 754 486 136 442 512
170:5357:C:592 194
305:1950:V:44
582:291:C:
8:2444:V:861
926:7078:V:13 751 356 207 893 176 393 417 726 678 842 368 338 851 799
931:1193:V:386 490 803 580 147 169 239 600 421 100 396 734 478 737 595 670 551 436
786:5309:V:775 571 397 546 830 501
125:4141:C:717 447 37 52 879 243 306 999 548 895 316 673 635 837 590 69 906 360 139 412 535 853 819 851 500 60 21 85 689 802
197:8814:V:401 79 737 538 583 679
871:9048:C:89 199 226 742 454 304 898 181 569 821
787:1575:C:573 744 989 64
329:6277:V:866
542:4868:C:912 38 598 743
503:799:V:523 212 964 245 71 574
454:477:V:954 595 888 979 577
989:1652:C:904 809 521 769 379 29
75:3292:V:497 539 954 304 835 904 689 28 315 325
704:1219:V:143 58 874 231 487 3 813 117 959 230 514
495:2268:C:651 187 582
946:7364:V:186 377 912 858 389 986 823 60 736 491
733:5106:V:114 507
402:7960:V:
249:5384:C:320 117 8 833 919 28 361 719 540
189:5102:V:
635:348:V:777 906 907 745 420 886 249 91 442 290
17:5988:V:354 675 607
30:1546:V:995
328:9289:C:
280:3145:V:575 208 609 932 725 337 581 790 241 107 931 490 95 548 751 472 753 585 806 68 814 697 11 829 226 497 819 764 812 218 645 690 961
332:6163:V:588 441 964 192 172 665
27:5055:V:861
40:5266:V:192 315 816
810:2282:V:676 745 332 545 578 406
709:1823:C:142 188 156 886 975 465 638
585:9710:V:838 186 829 15 394 359 947 404 524
688:1163:C:322 41 164 650 120
584:6765:C:346 898 218 576
311:9610:V:615 559 345 285 226 257 906 127 159 332 292 165
1:9876:C:177
606:215:V:754 65 106 442 639 738
424:3527:C:995
51:8292:V:270 523 722 389 966 17
143:4420:C:13 705 34 814 168 568 550 960 819 783
652:3670:V:178 122 897 538 42 898 805 519
902:6497:V:
374:2545:C:722 802 375
618:278:C:773
957:1783:V:462 963 117 354
330:3432:C:541 416 346 769 845 85
122:8217:V:901 841 963 522 644
782:6465:V:
821:2344:V:
263:8429:C:397 963 691
783:2011:V:626 721 627 237 172 996
59:7311:C:494 893 924 648 810 90 364 765 136 163
536:8998:C:971 174
499:3784:C:
397:9338:V:735 150 684 691 465 857
717:7609:C:669 707 705 434 585 894 709 784 142 45 763 502 532 273 800 627 991
358:6642:V:927 642 478 777 495 727 899 674 774 342 577 431
829:5752:V:493 452 844 897 85 746
20:8082:V:320 703 17 104
430:2152:V:998 363 91 83 346 279
682:6947:V:461 526
905:7162:V:797 867
527:494:C:318 129 220 327 976 101 521
942:5684:V:610 346 908 301 758
376:6285:V:970 966 830 995 227
656:8949:V:439 691 828 591
211:6799:C:820 83 898 672
620:8853:C:522 104 622 667
147:1734:V:562 356 974 475 616 199 784 829 972 6 706 676 435 942 997 150 116 574 432
714:978:V:114 468 198
559:313:C:360 699 757 676 819 80 445 106 355 149 329
815:2441:V:0 69 658 899 441 420 46 826 663 854 780
574:7531:C:88
706:4655:C:786 649 118 165 639 720 816
316:611:C:482 742 278 79 455 745 713 620 264
647:9731:V:252 976 205 518 36
479:10:C:705 477 798 200 362 343 338 254 658 727 936 647 744 713 504 805 868
774:6419:C:
803:1056:C:580 418 494 25 673 590 459 960 810 886 301 805 30
101:3219:V:514
396:8392:C:246 233 530 878 345 360 649 428 457 944 397 251 41 469 627
437:9113:C:787 38 845 431 181 952
613:255:C:61 476 840 359 334 292 765 101 522 189 112
928:6559:V:0 537 906 791 411 373 172
177:1754:C:917 236
354:9159:V:
265:495:C:740 986 351 221
616:9235:C:444 884 815 660 973 307 105 516 432
545:4128:V:576 516
287:7670:C:275
38:7668:C:
663:1036:V:
580:3071:C:447 556 599 879 95 82 974 109 158 865 478 6 407 105 170 986 831 830 971 607 995
159:5124:C:786 253 787 774 288 664 779
130:2964:C:178 793 330 731 308
568:2661:C:648 304 810 450 588 363 347 831 914
160:5187:C:703 857
378:793:C:433 894 530 699 142 320
339:1313:V:517
86:2294:C:492 566
798:6375:C:509 146 616 811 777 179 870 847 420 406 379
398:538:V:822 724 796 789 44
843:3587:C:486 735 150 940 679 248
846:5788:C:379
751:7869:V:477 58 509 585 871 393 299 510 109 244 201 921 925 205 721
241:714:C:992 788 107 931 490 918 887 73 125 309 484 586 438 599 956 415 58 239 874 600 25 726 837 179 451 178 929 786 334 827 173 185
953:5525:C:898 8
827:2369:C:626 977 22
681:2041:V:508 449
233:3032:V:6 876 292 531 828 760
512:3218:C:
231:9470:C:11 370 293 459 784 380 775 841 322 789
168:2800:V:697 20 191 364 636 248
825:5249:C:63 140 122 899 940
979:4919:V:133
308:876:V:626 966 833 301 689
303:8064:C:
908:9620:C:18 566
164:7513:V:351 85
469:8058:C:325 388
972:9864:V:166 924 452 455 897 157 719
338:9159:V:367 251 411 601
701:1992:C:59 231 267 837 568 817 145 278 427 40 833 551 392 990 460
844:7008:C:651 367 882 659 719
556:3297:C:415 356 477 729 798 701 183 834 943 768 915 215 145 539 627 480
546:601:V:975 150 128
562:3609:C:371 146 206 99 410 676 372 153 688 397 632 979 322 46 579 614 622 779
102:9245:C:353 325
817:3574:C:534 157 858 567
868:7652:C:
126:4938:V:763 752 959 646 892
135:5851:V:534 578 132 892 379 177
693:2135:V:785
226:3104:V:654 683 213 637 162 275
564:3033:C:892 44
657:243:V:
78:3678:C:373 237
85:3984:V:629
719:7852:V:
894:5198:V:685 68 678 134 838 884 875 666 268 588 843 42 963 759 273 431 508 30 719
458:4930:C:758
941:993:C:338 749 360 495 907 683 632 365
347:103:V:137
381:8309:V:459 941 529 906 666 700 757 43 819 538 191 348 110
323:8794:C:37 956 999 4 479 909 795 77 588 841 33 614 290
291:8822:C:152 38 17
498:7860:C:767 931 596 309 687 716 58 798 59 685 68 370 425 226 286 542 129 314 856 501
460:4807:C:582
998:1926:V:76 10 783
697:8211:C:25 109 366 209 648 764 114 970 518 325 2 914
274:2038:C:650 96
7:4485:C:766 453 570 446 884 186 815 211 571 202 746 272
55:4406:V:419 142 998 812 958 468 622
899:2085:V:87 619 573 364 218 772 28
569:5370:C:
422:3586:C:84 901 427 156 240 392 854
917:9582:V:867
387:2282:V:406
385:5653:C:791 330 283 298 339
4:1132:C:874 811 988 568 824 380 876 127 161 458 8 36
388:311:C:
360:558:V:437 105 86 524 569 272 460
113:2491:C:444 559 677 671
489:7827:V:732 822 656
252:9539:V:463 524 174
603:1618:C:443
497:7884:C:899 674 161 682 220 116 750 449
335:2814:V:303 743 26
502:4007:V:212 346 98 587 354 728
270:8488:V:977
839:6736:V:386 918 887 125 717 596 309 418 556 295 56 943 109 425 186 493 454 65 105 637 485 460
129:541:C:91 822 414
293:4560:V:815 153 774 847 735 994 591
683:5263:V:308 636 8 116
3:3627:V:382 763
255:8270:C:
16:4568:C:521 743
259:2235:V:12
312:7633:V:129 789 232 432
801:6801:C:970 966 528 2
952:8360:C:
123:1384:C:
81:7195:V:3 847 486 252 587 794
949:7933:V:
589:8633:V:591 234
474:7444:V:394 462 203 636 198 463
419:6368:V:775 91 320 480 511
677:5924:V:653 907 452 140 70 542 430 744
285:846:C:972 350 215 278 843 718 439 826 305 528 264 566
463:7590:C:436
628:3910:V:838 653 166 853 727 457 369 297 629 426 540
14:7853:C:591 110 499
735:6900:C:
477:88:C:709 134 613 527 897 763 809 461 892 690 104
678:859:C:148 590 425 462 859 771 964 222 149 780 443
526:8187:C:
349:7798:C:583
679:8166:C:
575:4391:V:609 932 725 47 862 241 839 931 447 879 704 926 895 100 806 913 568 134 184 223 899 732 650 361
146:6506:C:180 941 377 326 921 70 367 86 189
229:8911:C:198 703 646 856 680
873:7371:V:
41:7504:C:14 375
549:7104:C:501
519:7410:V:738
493:7447:C:55 487 377 654 240 721 167 738
841:4169:V:80 505 610 212 800 959 335 128 923 104
161:8984:C:408 150 48 406
217:8097:C:149 2
702:2695:V:
969:2575:V:
822:643:V:769
800:3516:C:218 60 275 761
66:3909:V:406 167 512
232:4382:C:
427:6262:C:845 996
758:1270:V:361
590:739:V:407 94 364 38 258
856:7995:C:789 849
808:9405:C:295 641 146 246 982 695 15 292 763 846 491
260:123:V:157 739 831 662 743
325:8425:V:
309:7960:C:37 438 409 243 950 140 286 720
333:5756:V:591
795:3432:C:53 913 362 67 915 967 497 389 748 561
201:5528:V:676 671
951:3930:C:13 863 600 475 233 368 186 142 429 888 20 989 46 882 162 461 491
169:8808:C:239 709 762 730 139 394 924 652 651 618 240 198 222
771:7058:C:17 923
877:429:V:586 131 95 144 707 121 53 673 915 186 209 178 43 213 173 920 511
475:8478:C:266 806 453 362 697 158 865 478 285 410 136 132 857
371:2482:C:271 600 56 405 529 571 129 260 682 65 83 898 896 738
213:312:V:897 935 713 36 846 598 540 214
608:7077:V:830 5
763:2633:V:722 251 364 778 545 675 491
847:205:V:682 351
594:8018:C:343 631 196 464 76 361
76:3768:C:191 273 528 149 192 675
649:8702:C:754 718 78 64
601:5211:C:353
922:1843:C:587 189 85 993 290
637:1628:V:993 789
522:5402:C:
492:5168:V:914
826:6572:V:463 917
699:2508:V:907 924 853 810 786
166:4243:C:45 40 524
875:2595:C:700 876 648 152 835 639
488:1216:C:222 796 902
118:4937:V:940 747
435:1190:C:173 547 758
667:6569:C:
999:9448:V:415 951 378 271 685 419 899 820 250 987 1 526 797
208:9633:V:609 932 725 337 581 155 692 992 107 839 125 479 421 200 11 233 393 777 495 166 921 372 54 170 288
6:7076:V:114 212 352 519
914:5559:V:
256:4661:C:963 617 245 24 517
721:3971:V:491 743
794:1089:V:
781:6596:C:652 321 32 723 327 322 778 274 469 426
195:9100:C:676 886 958 579 718 797
933:4397:C:279 755 353
214:9677:V:667
357:3932:V:377 63 359 624 16 886 505 44
572:8538:V:788 839 931 300 918 887 73 669 309 848 323 409 999 4 704 269 895 169 874 433 183 391 200 146 336 289 655 559 213 994 672
346:1119:V:832 60 551 821
409:9806:V:548 13 909 311 25 734 293 652 588 251 442
401:7217:V:81 157 723 250 632 322 908 228 919 796 480
820:7436:V:80 397 827 522 390
645:2987:C:
162:9125:C:116
849:3136:V:26
363:9731:V:416 78 854
971:4587:V:667
244:8957:V:0 631 139 151 209 676 619 792 101 760
886:2299:V:83 713 483
932:1149:C:155 692 790 572 931 386 490 918 216 447 586 438 306 415 479 634 100 570 339
392:7140:V:204 88 665
830:1644:C:390
200:6802:V:338 817 62 764 763 597 831 923
925:1329:C:826 436 905
412:1200:C:307 858
805:3932:V:
446:2661:C:768 215 555 461 821
491:2298:V:
289:902:V:915 244 817 677 954 292
71:7515:C:499
887:9372:V:73 309 147 438 879 131 808 548 13 472 974 169 685 336 380 462 313 598 551 514 315 540
225:5995:V:993 828
766:7510:V:23 276 544 911 829 630 476 819 901 57 667
945:5556:C:994 555 74 826 12 905
84:6553:C:188 334 759 389 346 547 986
112:7482:C:746 519 990 120
710:391:V:
666:3587:V:542 346 796
731:2411:V:361
974:4574:C:616 525 768 293 151 90 429 462 732 801 83 587 761
884:3388:C:954 42 160 297 517
273:7654:V:501 601
115:7313:C:671 91 964 959 136 966 132
107:8064:V:839 386 216 669 447 586 548 751 356 863 955 271 509 697 559 135 223 534 924 211 888 722 920 536 607
99:1295:C:135 875 633 360 75 304 674 683 126 744 610 804 809 905
179:2259:V:166 422 745 588 302 800 618 623
183:2420:V:180 811 916 708 129 617 975 150 627 110
52:9978:V:687 707 705 909 928 6 613 527 954 658 43 376 831 937 512 738 779 507
553:3005:V:789 236
367:5410:C:963 547 583 340 880 426
750:9707:C:102 582
383:1082:V:303
379:9364:C:
858:9775:C:41 351 167 917
199:5998:C:777 924 885 43 888 820 54 858 329
977:4355:C:228 891 574 796
128:7853:C:329
833:9314:C:31
45:6982:V:80 445 614
178:971:V:965 676 942 439 287 896
290:6636:C:
692:6961:C:862 790 241 992 300 386 216 73 877 447 37 696 4 895 472 183 709 814 543 77 425 529 69 422 954 965 330 589
60:9183:C:971 672
74:1328:C:711 772 993 995
724:8618:V:160 761
484:782:V:4 479 621 34 421 734 77 510 267 972 818 103 222 736
889:9029:C:951 895 494 453 233 842 345 654 757 398 274 175 313 351 896 675
799:5167:C:914
651:4189:V:382 573 220 759 993 235
372:1960:V:715 503 466 994 646 319 990
18:4038:V:
457:3409:V:198 24 760
24:8646:C:551 172 679
61:7231:V:853 710 962 736 264 750 905
505:2483:C:136 24 414 995 325
689:9619:V:
861:6542:C:
570:9406:C:673 417 559 244 497 292 173 528 351 598 352 110
336:4822:C:570 730 915 642 55 700 139 398 327 445 325
48:1057:V:255 14 857
888:8871:V:441 912 976 66 614 969 712
690:7572:V:
242:5642:V:698 878 425 677 179 380 342 245 85 448
301:5840:C:303 961 236
33:9098:V:365 227
525:8396:C:652 676 745 87 277 341 778 830 36 511 310
676:9265:C:595 541 91 880
485:4742:C:460
761:3182:V:
910:5960:V:305 719 470
985:8403:V:337 581 790 241 767 386 216 887 669 877 848 409 599 879 863 169 207 600 100 146 316 233 678 99 381 695 521
224:6723:V:
192:7672:C:14
944:1734:C:468 74 773 526
218:2695:V:255 720
646:5047:C:664 9
307:4820:V:54 765 86 339
58:5216:C:634 559 568 875 708 422 63 332 542 820 298 376 162 297 236
547:785:C:390
246:4185:C:708 869 201 70 344 191 322 684
864:7008:V:447 484 586 999 889 951 294 705 183 734 67 179 377 886 83 463 365
567:9995:C:605
139:2540:C:102
903:5206:C:
730:6107:C:370 51 43 810 993 517
793:1620:V:958 355 830
438:4037:C:599 479 863 295 239 11 370 928 6 350 708 699 130 649 175 162 163 679
158:138:C:527 938 322 46 993 702
727:8397:V:122 901 341 65 963 46 934 591 26
579:8290:V:36 773 181 235 491 388
54:708:C:912 778 521 132 607
100:5441:C:59 246 814 525 699 63 152 118 739 470
486:1408:C:24 533
696:5195:C:415 269 477 863 434 615 871 685 766 53 988 446 982 179 742 422 683 942 686
9:6591:V:
515:1860:V:477 295 798 444 837 865 784 777 982 652 960 745 841 281 352 552
509:2357:V:183 913 673 876 127 130 43 899 332 45 900 489 997 611 283 288 996 779
69:9661:C:350 631 455 152 462 958
669:2083:C:309 556 716 704 366 529 157
464:4678:V:92 203 564 896
267:808:C:244 338 817 633 883 648 786 671 910 40 711 329 850 519
834:9625:C:616 362 708 419 731 41 703 868 569
537:5724:V:451 497 654 727 440 32 457 872 778 354 470
204:5468:V:30 657
742:357:V:145 595 835 998 283 721 177 104
644:1607:V:
47:736:C:337 581 862 788 498 107 767 839 931 125 717 409 879 716 59 806 795 197 698 199 380 825 658 440 263 573 76 94 872 408 379 248
103:9504:C:258
2:9435:C:
425:8819:C:652 535 312 247 461 508 512 657
660:9396:C:363 507
119:2860:C:715 822 349 106 557
11:7684:V:943 370 529 749 633 454 304 745 10 117 102
819:9618:C:191 91 663
193:1188:C:885 304 998 555 743
253:4607:V:775 429 935 812 744 970 317 514
342:9146:V:632 713 724 545 892 873
996:9102:C:
364:9867:C:898 305 492 526 514 501
956:6096:V:798 239 396 697 417 768 982 350 142 825 84 778 264
812:3575:C:240 604 1 354 873
439:53:C:971 325
566:9898:C:
507:5713:V:
775:3662:C:488 416 637 518 563 496
471:5628:C:
754:9412:C:251 298 740 21 44 750 679
728:5266:C:
73:5043:V:323 879 974 421 25 368 829 749 62 921 541 994 313 691
563:1845:C:758
571:5383:V:671 886 703 664
757:665:V:745 161 367 668 968 783 38 721 31
156:2210:V:800 175 672 315
472:7610:C:113 444 405 715 486 732 526 719
187:2541:C:994 18
12:1113:C:
203:7791:C:463 866 310
685:3848:C:11 837 134 184 254 0 166 330 882 229 255 14
154:2077:V:135 906 124 948 602 250 632 857
718:6999:V:228 518 171 221
723:1412:C:160 204 702
508:7350:C:390 325
467:6254:V:719 272
930:6395:V:578 395 896 423
577:6891:V:379
770:4812:C:212 882 908 521 589 679 761
935:7339:C:103 912 92 187 65 831 162 797
174:2142:V:
595:4881:C:440 87 202 939 281 5 221
621:8072:C:316 231 425 700 921 503 968 60 772 30
948:4371:V:87 625 792 739 329 315 272
967:5207:V:884 865 419 92 192 638
530:3798:V:345 777 700 380 166 907 727 819 759 41 98 33 638
773:6990:V:339 392 403
91:8089:C:165 60 14 574 601
836:8187:C:280 575 208 609 932 725 47 985 337 692 790 241 107 931 216 717 669 562 144 269 895 169 943 366 6 711 830 390
445:7462:C:605
343:882:C:699 870 302 136 461 971 35 517 227
481:3945:V:510 915 878 459 973 394 584 518 773 689 315 743
264:3390:V:516 607 315
629:3098:C:
415:9832:C:239 453 242 916 875 179 0 745 938 364 38
394:5092:V:674 661 220 98 748 189 511 325
294:2600:V:983 19 709 11 89 343 613 733 382 313
789:1113:V:12 712
304:866:V:277 42 349 574
900:5467:V:250 971
19:5812:V:544 884 254 700 75 332 445 117 40 222 962 508 519
212:9995:C:175
46:3233:V:880
738:954:C:2
869:4747:C:452 775 819 847 76 979 691 553 755 272
879:3493:V:562 479 621 169 585 615 7 183 834 570 481 628 459 838 906 380 534 145 468 298 799 566
529:2486:V:660 835 160 198 589 557 949 5 526 789
777:5738:V:382 427 938 247 302 718 521 845 914
835:1458:V:787 881 20 744 251 789 236
269:9207:C:634 23 697 417 482 967 884 282 457 367 975 739 576 574 375
26:5190:V:
837:8376:C:677 954 452 651 427 245
351:5782:C:
167:3931:V:
207:943:C:56 316 709 168 655 135 590 459 425 927 343 829 757 661 998 342 958 220 989 40 656 426
382:6200:V:532 92 110 780
277:293:C:959 258 524 470
921:7546:V:398 744 245 718 832
29:6793:C:
64:8411:V:867
642:5131:C:145 15 844 812 997 98 866
236:4293:V:
490:4204:V:125 438 879 219 415 169 509 362 55 534 810 858 136 547
63:5829:C:332 649 851 308 220 833 856
248:363:C:227
880:204:C:540
510:6152:C:666 15 188 786 334 945 787 732 977
725:1583:V:337 581 790 767 839 386 887 147 716 131 13 515 634 762 941 631 539 595 573 964 765 104
327:1337:C:14 905 728
859:155:V:739 40 736
506:9963:V:416 560 772 981
561:1982:C:
705:8504:V:223 700 495 942 462 315
853:9436:V:770 632 989 38 163 598
359:2647:C:159 776 467 953 610 10 667
140:9916:V:430 40 504 637 920 645 36 623
423:3386:C:361 234
936:4312:V:938 486 65 66
456:2004:C:622
734:5143:C:916 673 642 130 341 820 16 260 645 24 551 961
531:72:C:44
802:8022:C:
132:8041:C:
674:7734:V:901 250 265 273
411:504:V:38 259 1 690 855
216:91:C:73 803 147 37 599 716 951 121 863 729 766 368 338 677 660 419 954 820 308 458 964 41 335 14 981 432 214
961:8248:C:
915:295:C:134 493 876 957 281 597 830
842:4301:C:135 343 419 987 114 608 41 966 769 1 190
144:8442:V:704 294 641 58 200 186 184 844 901 722 389
473:1981:V:168 837 742 145 474 394 321 430 65
639:3649:V:728
865:9796:C:793 41 133 511 353
813:8109:C:764 173 547 18 914
695:2466:C:613 166 786 886 157 610 732 74 758
450:869:C:119 281 349 656 287 290 303
995:6694:C:
982:3851:V:476 332 545 347 831 279 194 224
441:2502:V:320 105 160 962 174
673:1306:V:708 451 43 153 861 469 728 303 426
356:3733:V:239 331 473 913 444 417 199 109 875 876 145 960 87 938 886 912 114 994
300:358:V:887 73 669 309 447 323 409 599 701 231 543 343 529 422 63 791 503 427
227:1769:V:
578:639:V:
194:4304:C:390
284:9624:C:751 378 641 559 109 184 824 487 127 452 885 90 435 953 881 555 732 800 740 796
916:6928:V:695 115 90 80 420 260 812 721
272:8708:C:
206:4988:V:525 960 282 159 651 281 989 212 873
23:5385:C:697 734 99 829 43 332 722 252 104
538:3471:V:10 111 57 828
386:7409:C:565 309 803 447 548 707 295 894 425 338 223 841 281 344 324 579 240 672
393:6067:V:865 130 648 557 821
317:8291:V:
70:9417:V:281 153 156 420 754 558 589
780:9655:C:
814:246:V:982 906 422 853 791 327 555 411 449
851:9658:V:8 351 650 780
737:6383:V:812 735 905
736:2020:V:
655:3784:C:642 982 973 455 359 899 783 287 690
442:3807:V:551
753:5112:C:434 7 685 226 633 108 792 783 828
551:2309:V:491 867
188:839:C:858 283 959 406 287 181 561
165:4905:C:896 569
449:8692:V:
854:7575:V:
611:2530:V:962 518 772 758
87:3858:C:668 149
355:6889:C:736 174 755
966:4399:V:856
37:5523:C:562 479 893 768 425 178 513 996
990:9147:V:981
901:8427:C:651 263 317 379
389:2785:V:86 995
134:7382:C:459 815 55 321 648 813 91 74 826 64
210:1133:V:413 761 969 880
431:6328:V:693 991
672:3065:V:516 531 88 483
792:3252:V:882 389 618 978 589 614 516
804:5177:C:618
919:8909:V:189 339 638 1
370:1427:C:700 79 845 404
907:1064:C:532 668 376
838:7504:V:451 613 775 457 971 773 261
295:8795:V:391 246 113 393 109 148 927 184 960 332 341 430 523 258 290
707:6647:C:269 871 200 811 734 89 154 642 539 658 304 312 502 560 589
703:1528:V:471 310
955:354:V:634 871 453 628 817 226 6 523 964 760
715:1730:V:162 638 261
326:597:C:715 489 256 150 348 376 28 514
541:6098:C:994 408 533
619:6641:V:714 994 975 778 547 626 319 785
602:7146:V:341 489 363 297 850 88
65:9409:C:192 17 181 507
258:4468:C:
720:4927:V:719 867
558:4067:V:691
975:3991:C:204 12
221:7659:C:667
362:4789:V:967 268 213 897 577 560
324:289:V:320 310
420:3614:V:904 46
622:7349:V:
348:3400:V:962 259
543:8425:V:366 875 810 732 976 637 508
904:9258:C:959 41 60 519
145:5874:V:268 885 671 998 682 105 83 150 656 406
659:4203:C:910 629 424 760 880
152:9123:C:334 281 349 890 925
940:2092:C:589 993 496
636:8493:C:740
862:5549:V:498 216 877 438 243 131 999 548 284 19 77 666 15 495 278 649 363 133 962 622
395:7530:V:919 499
466:7718:C:
555:5806:C:162 830 275 526
906:3452:V:924 457 573 468 664 507
82:1268:V:306 415 889 472 146 685 730 559 368 493 451 195 157 958 904 33
756:1230:V:732 545 222 802 860 961
638:6103:C:
504:2523:C:132 880 448
228:7100:C:892
322:9852:V:302 136 86 275 789 519
960:5248:C:435 611 132
939:9462:C:930 964 524 290 667
882:8962:C:861
954:3838:C:757 374 813 542 439 620
459:6559:V:817 706 640 291 437 187 230 522
650:9203:V:238 456
993:5144:C:
654:3767:V:781 193 813 344 549 744 283
205:6368:C:192 214
950:6921:C:515 621 874 56 616 23 559 158 534 330 398 427 523 364 963 528
320:1526:V:739 646
434:4898:C:433 811 451 209 960 365
550:1826:V:699 15 452 122 265 230
72:4796:C:564 601 310
881:7646:V:718 898 175 689 519
271:1371:C:311 200 231 697 594 838 815 360 307 282 308 397 247 310 340
468:856:V:553 526 511 456
353:9244:C:
444:6333:V:967 134 815 642 6 706 715 20 632 91
413:7246:C:
247:4203:V:593 524
634:5171:C:475 231 709 417 525 927 357 286 54 523 101 232 996
310:3155:C:426 554
62:197:C:178 430 636 739 348 98
557:6851:V:
614:2576:V:
680:3567:C:
524:4729:V:866
279:5480:C:310
191:8991:V:10 574
436:8767:C:
243:820:C:707 641 67 824 209 278 512 227 702
223:4563:V:495 929 188 342 917 303
986:7426:C:896
334:2615:V:763 809 296
494:3506:V:893 988 299 50 372 606 947 826 805
591:7256:V:
137:1364:V:
832:1514:C:961 665
448:3073:V:
909:1973:V:477 59 146 762 89 446 360 430 317 78 689 514 88 779
341:4696:V:397 314 984 760
583:5210:C:
44:369:V:665
175:1303:V:746
235:9664:C:
49:8357:C:596 484 147 599 687 716 548 705 863 295 239 600 233 77 510 537 756 975 411
807:554:V:
480:2964:V:
587:5318:V:689 880
455:4338:V:159 899 20 994 283 690 512 991 981
913:3804:V:709 673 510 777 335 172 569
755:705:V:
769:3278:C:
245:8756:C:976 711 984 33 892
391:1508:C:100 795 742 699 706 454 885 152 936 441 367 812 117 718 587 672 463 905 353 622
496:6639:C:
964:4815:C:524
408:4106:C:986
384:6305:C:100 109 345 884 927 166 334 129 820 157 801 802
711:8178:V:392 995 785
743:8601:V:
104:7571:V:
747:3449:V:
598:4029:C:553 892 693 120
416:4147:C:741 64
784:3541:C:651 363 297 174 88 383
153:6168:V:998 503 979 831 162 664 36 272 64
190:5650:C:
809:2403:C:44 353
581:1406:V:155 790 107 767 386 216 669 484 687 131 999 641 434 183 391 913 199 215 948 401 277 32 682 283 98 258 305 995 499
97:5026:V:944 94 74 98 297 758 520
237:5321:V:
675:3256:V:868 690
22:1256:C:
105:2612:V:283 198 551 531 690
540:6332:C:
440:5603:V:297 592
895:1223:C:358 509 701 453 510 544 304 302 809 218 990
573:5070:V:406 508 329
604:5448:C:48 516 574 755 388
403:7568:C:
722:5877:V:778 962 85 28
698:3192:V:199 633 321 774 363 288 578 518 719 399
34:7268:C:391 871 53 393 493 397 198 728
592:422:C:914
596:1909:C:309 147 687 696 415 509 200 655 673 148 954 929 674 820 979 882 728 821
686:6332:V:
405:8402:V:50 209 159 881 486 28 29
220:7393:C:545 404 33 868 728
539:7047:V:652 476 178 881 989 258 461 591
938:6259:V:523 486 741
426:5346:V:961
373:8521:V:
56:3094:V:316 381 706 45 813 947 912 302 545 492
36:966:V:
641:3919:V:371 475 331 481 233 89 186 829 359 835 502 308 20 445 511 123 26
198:5892:V:646 352 172
772:7131:C:689 480
828:1448:C:760
700:9175:C:182 573 103 898 831 449
68:8591:V:53 525 948 84 936 308 847 872 597 713 40 765 576 966 758
876:973:C:835 843 800 392 512 443
890:5899:V:962 755
282:8359:C:
607:6856:C:449
760:7653:V:
50:3766:V:906 666 55 380 708 201 359 841 457 754 632 463
874:8823:C:53 233 299 148 865 982 876 401 455 286 46 431 237 860 880
548:8686:C:751 955 169 331 25 865 357 422 840 786 938 488 504 646
968:6635:V:171 236
276:1463:C:698 199 134 254 843 20 611 98 301
513:305:V:288 789
684:3104:V:72 275
124:457:C:318 810 440 897 508 693
331:4172:C:421 616 878 338 527 859
732:4921:C:392 501
852:1492:V:836 575 208 609 725 47 337 581 155 790 788 839 918 216 717 586 562 494 168 25 708 844 191 66 923
671:4520:V:94 191 579 164 402
10:2336:V:922 679 738 2
764:8117:V:722 346 831 137
599:3513:V:131 704 798 734 842 784 215 658 450 489 445 517
32:3582:V:20 94 908 721 310
281:3128:V:313 721
741:4370:V:
929:6032:C:732 713 60 339
240:4024:V:21 172
823:1559:V:8 518 517 353
57:2135:V:
765:7950:V:857 214
778:5221:C:516
157:6321:V:251
633:3206:V:223 394 422 757 114 8 110 491 741
818:9550:C:752 248
202:7354:C:592 325 137
630:5696:V:965 727 584 970 162 328 204
261:6237:V:
785:6794:C:
748:4366:C:85 755 340 426 923
453:3199:C:616 246 570 481 730 226 350 527 718
150:2376:V:637 471 984 761
626:9621:C:977
238:854:V:
369:6333:C:547
806:2694:V:543 666 901 841 367 636 98 439 816
762:9076:C:77 510 967 982 145 683 170 855
377:7853:C:429 363 466 783 313
399:8695:V:
744:9529:C:250 760 995
776:9487:C:844 649 281 10 439 198 387 471 379 296
487:3561:V:733 92 322 975 442 508 33
797:4011:C:603 402 224 566
94:2293:C:187 245 799
973:2804:V:810 161 558 611
186:6575:C:79 810 440 258 227 582
610:9457:V:218 354 828 5 12
658:931:C:152 429 722 218 832 693
670:8923:V:252 240 149 501 9
275:2098:C:
278:4256:C:786 651 344 466 222 639 33
428:534:V:314 504 675 64
533:8633:V:35 991
121:5392:V:295 58 600 183 200 494 146 19 168 530 267 377 476 202 723 313 589 192
687:2969:C:879 926 983 239 68 77 527 737 571 270 342 191 220 136 1 110 566 96
632:8633:V:713 576 132 315
586:925:V:599 243 415 895 58 798 874 709 23 113 628 635 459 0 6 159 32 427 105 940 160 329 287
885:4135:V:359 20 979 117 329 796 738 2 779
283:6339:C:664 993
42:4192:C:
296:5195:V:399
452:2817:V:455 359 929 573 735 882 111 533 383 31 867
534:700:V:3 542 277 549 503 872 681 868
43:7232:V:840 126 881 935 251 518 164 340
893:5566:C:154 943 967 345 158 62 260 670 252 273 778
745:6733:V:3 80 8 861 937 892
984:4938:V:501 782
120:4331:C:
345:8146:V:223 450 270 382 872 976 328
368:8688:C:865 700 196 79 886 38
840:1878:V:843 997 133 799 339
31:7004:V:
759:8051:V:758 675 390
380:4247:V:899 606 555 317
142:3458:C:422 201 202 341 441 881 858 301 799 828 224
451:8081:V:97 188 260 76 933 872 324 986 78 315 96
976:8381:V:
25:6930:V:726 493 534 450 671 46 830
708:2176:C:15 321 579 668 694 1
407:11:V:462 872 589
318:423:V:264
521:8658:V:828 275 303
148:7883:C:829 506 930 971 919
432:7784:C:499
752:5465:C:740 463 33 524 873
643:9127:V:715 118 547 406 485 329 868 816
219:5589:C:704 295 798 701 916 698 417 631 122 542 998 744 713 589 14
79:6514:C:153 934
89:7477:C:875 455 853 129 308 347 222 598
262:6896:C:131 600 446 109 209 159 595 651 820 220 114 212 170 639 675
729:7618:C:798 169 421 285 435 457 964
163:7742:C:772
962:6558:V:
565:9272:C:447 409 219 144 548 479 58 371 271 368 927 784 742 209 411 480 507
365:3369:C:353 234
668:4550:V:919 896 605 821
131:6919:V:751 895 434 56 453 113 594 530 636 684 346 528 24 210 743
501:2332:V:540
109:9290:C:815 419 613 321 787 794 236
483:9150:C:
352:9959:V:
959:6520:C:66 305
344:2426:V:263 765 189
867:1537:C:
831:2557:C:664 984 492 746 483
694:2415:C:248
176:6841:V:53 915 878 777 454 602 298 890 217 691 962 111
196:7420:V:671 480
230:6884:C:354 969
35:8942:V:470 566
141:3692:C:157 83 959 463 868 903
848:7861:V:484 418 147 131 705 515 751 863 974 685 154 417 345 368 884 124 127 166 202 979 411 171 255 746 172 868 31
779:8259:C:
740:2159:C:681 905 667
406:5125:C:392
299:1761:V:530 635 142 377 130 313 248 622
983:8226:V:615 814 811 534 757 42 170 36
315:9757:C:
417:7019:C:878 777 829 749 633 278 658 775 818 975 116 426 990 448
433:1693:C:396 53 678 158 815 455 94 682 735
106:2238:C:663 779
544:846:C:946 343 815 282 774 812 576 736 85
988:8545:V:233 345 268 929 27 975 333
518:2411:C:639 272
404:4388:V:171 868 290 990 507
872:1969:C:118 149 511
911:3178:V:69 708 63 975
609:8961:C:725 337 581 155 862 572 241 992 839 300 125 717 803 864 418 243 950 295 641 231 613 188 643 292 542 260 505 792 351 598
297:411:C:93 866
286:1775:C:382 541 397 682 174 501 690 741
593:5244:C:173 240 940 703 526 520
796:1055:C:
965:6203:C:822 500 711 85 517
511:9114:C:821
414:8929:V:785
302:9349:C:740 978
937:879:V:221 64
366:5579:C:62 249 783 218 521 423
53:8593:C:946 367 930 736 116 132
712:7054:C:
313:7231:C:
292:7120:C:827 984 672 340
390:3246:C:
410:7156:C:972 706 973 201 76 971 866 961
155:2131:V:692 790 107 767 918 49 409 131 144 479 641 871 396 23 25 530 293 69 451 419 706 648 63 929 921 157 264 690 923
319:3094:C:24
920:2171:C:971 961 566 785
46651
271826
239167
274434
60706
249424
225793
243756
255910
257681
259614
195698
219432
238410
219954
207955
238735
255935
5899
219298
229088
266640
226693
253540
251518
211608
217392
272354
200025
261707
269532
235845
63341
233902
267203
228232
231204
264198
260497
244244
226912
263267
224189
239836
235278
231092
269667
236629
270382
244738
229092
226692
273318
275431
205735
280741
259849
216543
243673
72091
270311
215723
70904
78382
205536
57912
257343
242556
236484
204650
265195
67864
223169
223940
214010
241367
239775
265661
262533
261919
266319
217323
216576
278108
219931
271733
221650
221894
265701
198985
269259
278190
249185
219483
255068
248620
238229
198622
236218
23483
