407.3329377897906
954.776501741358
951.5931266729989
988.4638632242467
778.2296816256237
329.5424017193517
687.0363543174686
545.8061397147692
603.797218010416
759.84684816287
778.2835000422859
769.7186834477616
961.7246639610856
905.7562640792822
93.6189079499335
499.8901267936801
376.9090469598084
411.23343661414725
437.0096908167974
842.0506354417339
439.06431977497965
405.35522007603225
761.4921540436852
727.186757594163
891.1407197828811
886.4738942237462
804.8544211829288
557.1780165688795
495.44026193772385
854.3212344407114
126.83203486463091
987.0016981838069
581.6248049750587
871.127957129787
412.79363614388996
169.93522581415482
945.9201795997448
828.6190963119008
855.2669009049182
716.0352842794327
556.8593842705518
128.0857287842154
793.3987867791216
618.4550089469567
392.90658579998683
926.8223300299077
731.6152444509369
793.4987352672084
881.9685239145979
742.0483289381626
483.3432219219021
898.4062060322757
882.8296185811928
977.4285467576202
744.7392497712717
577.6473949062781
77.00965178540977
772.4557343522954
801.3100940284622
817.2480337057056
198.9642100235814
793.0835646243859
936.3712548148262
922.547610077883
156.62219038237666
204.6356825169398
740.2031260811735
84.47870127212578
863.247403261396
871.2355939631113
807.7298623017368
883.1525290811659
675.9583134761849
93.48248695474234
900.4666825559135
712.6453318466698
963.572518205106
78.9877562156816
556.8483969499198
951.023227700544
821.1383363958576
58.166501824630814
879.823475593348
922.363089792184
743.6859464737405
671.2465493521324
708.0954222154284
230.76923076923077
810.3438996824714
52.57324102179325
493.58340475091745
757.9632035796935
275.5738634667622
615.955256224654
113.10110145965793
889.6184274258651
197.8896152353661
839.9517171919088
711.5842857271313
456.0617047926693
