Impossible
910.4274285714285
611.8308571428571
934.272
Impossible
705.6091428571428
464.8020322121587
653.7874285714286
764.9097142857142
781.1017142857143
798.7748571428572
15.674552546203477
377.24872830537214
604.9097142857142
384.444658882563
219.03475276050784
607.8811428571429
765.1382857142858
Impossible
375.4014970844074
508.62493183843384
863.0125714285714
476.7718682254053
743.2411428571429
724.7542857142857
269.3924814932245
349.1267007623275
915.2548571428572
94.5394233222761
817.9108571428571
889.4537142857143
581.0389463141782
Impossible
562.6807006935127
868.16
497.240287808057
536.7673462873558
840.6857142857143
806.848
658.2491428571428
479.684528321962
832.1737142857143
442.82543664961884
617.9474285714285
575.6817022241539
535.2777666945963
890.688
588.4464936979157
897.2251428571428
662.7657142857142
508.6781311096038
476.7585684076128
924.0685714285714
943.3874285714286
188.4313698460181
991.936
800.9234285714285
337.4229745936781
653.0285714285715
Impossible
896.576
326.11902234598364
Impossible
Impossible
185.68809362980934
Impossible
778.0114285714286
642.816
587.0764753680153
173.47431107925172
849.8011428571428
Impossible
428.7644228780965
439.39289505245307
302.5047903943977
631.9451428571429
617.3897142857143
854.0617142857143
825.4628571428572
819.8491428571429
860.0777142857143
348.1755145366069
337.87788974510966
967.8628571428571
384.12759680732273
909.5771428571428
407.82454060462356
411.18815566369364
854.4274285714285
75.58415047570445
886.9577142857142
968.6125714285714
703.424
377.95177899394827
757.2114285714285
698.2582857142858
603.2548571428572
68.9680312032953
584.5632003628186
Impossible
