1000
747:5006:C:838 602 200 523 616 671 214 945 20 684 271
286:5821:V:349 441 466 888 723 678 876 137 448 76 303 935 195 331 874 172 117 573 656 221 857 740 841 945
716:215:V:532 18 265 466 326 48 678 792 931 665 477 114 417 45 978 771 127 971 172 516 657 783 525 134 225 647
575:9492:V:223
515:3661:V:173 920 994 188 7 491 243 880
240:8599:C:394
178:335:V:21 855
13:3410:V:925 435 821
112:9982:C:354 631 750 620 302 669
165:777:V:124 534
304:4641:C:642 849 481
819:7779:C:25
848:1376:C:822 399 998 842 271
345:6510:C:833 530 153 211 148 513 753 583 12 204 955 166 961 70 212 505 69
973:4218:V:531 608 910 334 743 836 521
734:4598:V:
97:9125:V:13 189 219 930 46 844 817 424 352
6:8428:V:
762:3539:V:
722:4499:C:585
390:3112:C:437 904 923 960 16 825 150 236 196 695 210 979 44 760 317 685 813 248
868:582:V:790 270 93 228 575 918
561:115:V:342
349:5240:V:441 466 888 263 931 876 303 613 211 241 856 353 604 122 915 810 757 615 258 271
44:6491:V:859 423 890 757 116 29 413 667
73:6241:V:619 801 803
92:3990:C:464
474:6170:C:0 939
962:4258:C:477 298 717 825 506 150 451 402 921 628 169 991 644 941 769
359:8106:V:852 221 484 849 73 535
780:9352:V:593 746 943 471 750
855:1971:C:
86:8131:V:659 515 43 524 739 984 279
177:1515:C:
498:4495:C:88 378 961 539 300 318
794:7243:V:676 627 143 578 824 718
276:284:V:486 883 34
278:2020:C:766 546 550 692 172 275 744 597 641 806 436 898 373 551 980 775 182 805
920:9995:C:761 138 293 373 679
963:6027:V:208 51 159 251 801 505 355
685:8038:C:124 456
579:296:C:627 637 495 133 887
835:5724:V:111 731 789 971 12 172 110 956 396 394 932 164
194:9002:V:793 25
456:2816:C:167 885
521:1149:C:
5:6471:V:25
499:3982:V:769 260 679 885
754:6570:V:
385:495:C:300
801:8652:C:855 750
207:2584:C:99 954 664
996:2825:C:697 633 233
196:972:C:501 603 63 937 933 398 890 93
618:1143:C:38 551
733:5962:V:537 502 624 587 463 802 455 68
985:5547:C:521
308:9845:V:
287:4741:V:879
48:6262:C:678 792 931 185 444 650 82 896 186 415 790 516 533 121 657 44 143 823 201 507 215
930:9073:V:61 608 283 424 164
605:639:V:593 194 880 322 630
2:5607:V:416 156 188 914
585:4257:C:89
468:4077:V:
365:4149:C:329 356 713 116
654:3820:C:581 601 312
29:3189:C:242 347
24:6417:C:12 979 218 175 56 270 697 694 826
981:3021:C:726 722
847:8723:C:747 968 608 950 372 403 906 348 630
675:966:C:295
598:2500:V:
951:8695:C:824 161 217 96
811:383:C:624 207 141 564 880 599 699 967
387:7687:V:
22:8932:V:46 927 907 67 267 619 632 252
643:9956:C:193 525 818 497 484 600 625
296:6765:C:883
568:8535:V:827 773
275:5133:V:23 289 844 593 214 924 240 826 267 366
665:7285:C:876 137 41 114 160 181 331 16 957 510 459 550 329 538 284 291 616 844 107
402:1978:C:259 10
918:4152:C:234 873
663:9450:V:34
595:3810:C:656 60 697 394
235:7755:C:
214:6718:V:134 300 348 264
336:8603:V:
442:9435:C:237 91 923 681 389 893 682 950 800 168 671 567 197 79 914 92
247:4440:V:766 149 513 964 372 475 73 972
768:2435:C:391 255 562 513 236 708 634 9 524 179 757 851 29 381
53:2047:V:373 134 855
193:2179:C:46 927 372 891 495 648
425:1292:V:775 87 842 126
799:309:C:854
765:1629:C:909 255 12 257 557 612 475 235 990 998
282:3682:C:573 980 124 62 492 87 735 490 428 750 226
539:3264:C:128 486 512
535:5792:C:40
146:9431:V:974 39 41 404 303 923 922 909 835 290 506 947 208 254 641 232 808 910 203 165 522 499 387 691
714:2508:C:883
892:1908:V:726
601:8614:C:774 590 785
748:6489:V:560 23 937 542 475 884 869 619 881 348 576
143:1045:C:379 752
452:3582:C:853 122 652 597 715 62 202
738:5511:V:737
505:2098:V:55 777
20:2343:C:256
613:6827:C:553 846 574 353 419 733 502 275 483 36 329 445 469 903 416 57 229 869 840
245:9416:C:322 762
779:5871:C:369 191 716 532 286 265 115 326 723 462 596 584 367 792 338 795 303 227 935 160 547 151 186 766 418 150 451 698 712 612 382 580 684
998:6739:V:
700:6437:C:291 739 373 824 633
36:186:C:155 605 57 323 865 238
257:4276:C:609 266 637 958 340 177
96:3452:C:
94:1311:C:351 886 855
162:6865:C:972
379:7050:C:948 272 306 555 8 355
564:2199:V:691 576
113:855:C:906 793
126:5607:V:
876:3310:C:90 237 109 701 788 957 733 510 741 915 893 365 570 573 395 685 214 87 126 651
952:3560:C:141 663 754
701:8443:C:607 391 868 2 934 710 769 774 554
52:6598:C:574 75 249 51 148 537 708 971 658 283 591 175
970:5568:V:831 564 199 347
739:3808:V:212 134 260 936
93:9968:V:750
47:8220:V:239 548 67 619 201 409
313:1477:C:411 520 2 61 617 628 65 997 128
280:968:C:201 880 392
480:6856:V:887
271:5940:C:
356:5810:V:138 523 632 565 631 661
767:7282:V:426
522:1080:C:171 684 339 918 635
597:306:V:36 334 475 757 567 252
447:2786:V:727 100
606:7560:C:935 52 408 790 193 950 485 878 642 107 941 481 813 116 409 147
926:4117:C:
497:7720:C:287 64 834
106:8298:V:786 923 960 30 488 957 418 127 411 364 968 395 890 834 177
839:6876:V:737
731:576:C:152 583 210 83 233
288:8629:V:116
191:5810:V:125 999 716 532 18 59 377 19 263 678 613 586 553 82 114 160 858 150 708 692 275 374 933 53 251
509:6307:C:612 508 69 381
466:2707:C:797 723 48 944 263 696 52 443 946 768 733 142 549 400 189 666 949 88 116
774:3993:C:177
982:7917:V:22 587 675 171 468 662
972:9656:C:
518:66:V:
984:7928:C:304 372
567:7942:C:752
946:9389:C:148 653 658 968 994 602 757 455 481 223
57:5669:V:180 480 214 688
635:6747:V:223
116:3480:V:274
569:8931:C:999 716 532 18 377 326 606 185 76 650 106 160 75 45 331 311 418 676 603 728 808 383 344 834
532:1745:V:265 115 363 368 621 974 39 444 650 91 904 30 247 733 971 155 170 253 175 891 732 719 133 427 662
938:3947:C:67 965 492 773 861 686 845
441:8268:V:897 462 944 974 404 553 237 109 607 856 828 796 794 755 747 663 272 567 279 29 28
814:3065:C:308
431:8976:C:469 959 267 136
168:4627:C:371 344 96
476:1553:C:432 887
322:5587:V:917
571:7588:V:
433:3802:V:652 666 934 829 557 194 272 424
686:3179:C:
154:5629:V:630
917:2239:V:
109:598:V:91 211 607 139 364 603 609 972 689
351:886:C:554
975:235:C:512
59:6879:C:115 749 368 944 876 358 530 33 645 605 787 578 548 827 998 68 917
524:1336:V:435 343 551 719 394 68 967 598
540:1866:C:198 268 355
432:9803:V:
14:5244:V:612 961 775 522 83 164 667
840:1171:V:851
199:3933:V:
284:4334:C:143 587
862:1844:C:46 965 80
291:7962:V:872 891 348 81
582:4293:V:477 553 978 391 947 418 515 509 808 738 886
995:5083:V:694 906
353:6731:V:835 249 896 488 825 51 127 604 236 528 517 940 509 200 688 405
123:5584:C:266 616 997 105 918 473
68:2287:C:
200:4881:C:523 551 565 381
736:534:C:254 321 414 870 903 63 602 429 593 217 438
869:8011:V:563 473 233
735:9795:V:
19:6031:V:888 326 584 931 98 448 442 390 90 547 745 148 636 659 971 43 739 46 928 161
307:2790:V:126 777
285:2854:C:307 4 686 177
208:325:C:148 204 1 982 132 891 162
845:2470:V:
888:9800:V:678 974 876 962 547 530 860 904 989 148 172 643 806 719 869 434 885 92
588:854:V:701 530 574 211 353 472 16 290 764 629 646 657 501 525 763 694 805 322
760:4509:C:526 620 939
66:3432:C:
300:6906:C:669
341:3460:V:366 881
646:7299:C:517 808 609 395 713 104
233:2275:C:585 845
584:6718:C:137 185 76 650 90 696 109 833 222 765 357 708 747 193 577 761 952 568 827 632 164
265:5089:V:377 363 368 48 622 582 606 185 448 444 106 305 241 986 278 513 810 517 558 216 901 740 214 561 89
446:6743:V:
364:1624:V:755 325 175 616
720:6186:C:477 227 114 701 52 786 222 835 389 510 196 254 2 346 216 359 852 615 734 620
10:3540:C:
838:3085:V:469 259 25 647
192:7241:C:177 756
71:142:V:895 480 478 647
301:6062:C:
125:4937:C:999 716 18 115 749 368 621 39 457 905 82 109 452 755 870 976 961 539
523:8546:C:996 836 593 615 297 96 785
129:8684:C:720 487 566 764 122 74 397 454 560 14 291 489 154 29
692:8135:C:123 365 26 356 294 376 543
804:8861:V:
120:3904:V:
977:4781:C:748 940 14 374 842 302
550:5366:C:364 646 517 570 949 188 395 294 548 840 918 805
664:7566:C:
503:5830:C:549 744 1 712 525 852 872 154 918 264 958
916:7589:V:239 857 438 301
661:6404:V:
386:5326:C:138 850 169 581 648 259
305:4506:C:530 187 607 510 253 407 761 112 398 62 632 243 252 754
752:1713:C:25
65:3357:C:480 69 892 958
358:3226:V:923 868 142 150 262 657 43 325 751 424
658:9054:C:549 517 695 216 760 252 954
989:2038:V:765 330 391 278 488 843 47 557 859 198 425 154 197 340
310:1634:V:836 899 285 17
455:8568:V:69
130:3020:V:
942:7070:V:925 609 952 317 732 661
696:1312:C:358 833 211 882 452 236 782 810 23 633
267:2058:C:769
967:1242:C:
183:6054:C:516 420 522 100
50:9141:C:356 218 239 648 73 385 476
324:2459:C:878 374 820 491 481 438
572:1703:V:373 976 269
460:1491:V:543 559
849:8401:C:92
746:2392:V:
77:1250:C:255 459 142 867 682 189 808 732 420 554
955:2080:C:961 774 128
213:7509:C:464 230
501:8665:V:374 854 746 438 199 807
857:3963:V:228
944:5490:C:931 974 665 795 76 227 106 195 904 135 815 911 932
186:9381:C:236 558 531 133 274
464:3123:C:
429:4850:C:259 244 773 279 130
943:9855:C:
74:4041:C:900 558 489 996 581 820 561 873
454:757:V:744 414 194 474 631 126
175:2035:V:372 147
783:1201:V:431 43 319 572 200 221 655 355 785
273:1001:C:519 779 332 369 191 716 461 115 377 797 888 897 931 582 586 345 375 547 211 858 986 566 969 415 550 659 433 516 862 587 890 70 941 906 830
198:4291:C:495 490 96
64:2133:C:130
861:4952:V:842
900:9916:V:284 386 343 200 865 849 381 647
331:4324:C:472 978 957 247 149 411 88 542 362 209
997:4937:V:119 380 80 271
145:2565:V:939
254:2654:V:334 624 484 948 824 684 975 96
821:3191:C:997
115:5313:V:377 19 441 368 326 723 462 621 944 678 974 622 582 185 316 443 149 467 257 177
853:9882:V:874 666 949 157 60 198 480 182 99 554
594:863:V:530 765 335 957 868 12 744 319 878 609 866 168 169 107 879 762
788:3995:V:843 692 172 520 61 608 870 23 760 166 689 699
737:2700:V:620
250:7635:V:714 880 842
334:8048:C:266 272 387 327 308
770:5129:C:
922:7833:C:51 589 97 123 558 848 507 807
70:5439:V:495 504 171 274 610 803 426
114:8457:V:846 904 75 241 388 290 764 868 510 459 365 942 232 138 491 478 424 754 892 873
704:6312:V:553 443 311 973 950 763 372 680
45:3022:V:963 467 755 982 218 343 134 812 225 945 352
141:491:V:87 526 699
404:2196:C:237 860 408 241 95 788 614 149 733 758 703 365 469 162 161 79 412
552:6057:V:488 220 537 875 162 214 182 288 380 80 116
158:2005:C:742 953 734
105:7251:V:774 277 590 626 958
844:3347:C:880 422
343:8021:V:924 873
299:6626:C:848 130
366:4722:V:885
418:6352:C:122 659 660 866 166 300 813
377:8246:V:19 368 48 621 39 185 417 388 828 389 867 150 110 715 485 573 402 857 545 267 802 8 409 10 881 954
899:6830:V:598
330:7564:C:95 335 562 32 219 281 632 243
303:1540:V:237 417 45 309 940 870 878 862 169 521 689
17:6225:V:426 873
255:2511:V:741 135 983 736 374 859 644 93 202 8 126 830 25
149:4935:C:562 451 730 283 112 395 171 393 192 409 352 473
131:774:V:
424:9145:C:
472:5749:C:978 506 604 753 61 297 985 474
463:5513:V:854 883
766:8794:C:208 159 577 445 63 862 854
56:6989:C:8
462:2726:C:678 582 606 586 54 77 703 374 951 373 844 130 302
39:8074:C:444 303 298 305 745 765 896 788 357 459 794 433 695 383 201 864
812:8383:C:248
362:7769:V:504 990 215
156:6375:C:780 279
565:2327:C:
895:478:C:382 182 456
974:7256:V:594 114 479 443 946 313 142 262 365 43 216 680 820 281 312
479:2423:V:846 16 825 755 949 671 380 662
95:3672:C:788 391 731 483 203 850 952 387 543 446
457:4719:C:237 82 923 487 139 459 753 968 605 573 721 891 180 644 848 948 240 145
261:3782:C:60 890 886 943
891:3893:C:194 355
676:8175:V:617 23 57 201 784 446
212:4145:C:799 535 943
769:9669:C:590 784
140:7730:C:837 870 319 761 266 551 425 292 99 486 804
157:5591:C:257 911 637 447 662 440
392:5329:V:
541:8142:C:406 511 891 648 124 58 235 722
155:8775:C:193 480 820 941 456
538:4485:V:687 266 635 40 66 887 647
51:7062:V:973 744 531 319 878 420 439
763:8230:V:624 373 93 351 746 686
121:2957:C:262 205 198 178 644 679 620
758:5303:C:692 172 940 572 398 260 370
616:3160:C:884 727 756
204:759:C:199 42
706:4872:C:991 124 918 446
817:8189:C:93 486 679
772:309:V:
375:3405:C:75 255 733 659 71 660 898 272 393 447
469:9175:C:218 374 911 306 555 564 199 518 936
553:1868:V:556 529 417 846 153 771 896 566 419 51 220 659 254 739 203 93 171
659:3829:V:698 84 36 578 328 685 379 998 699 554
870:7607:C:359 938 425 522 521 834
934:7999:V:937 88 812 424 449 669
537:6288:V:140 676 698 458 121 321 320 721 107 615 775 990 667
403:7220:V:468 428 770
21:8080:V:194 939
510:6910:V:653 346 524 269 300 342
742:2813:C:
885:4046:C:
645:4165:C:810 893 159 695 818 475 387
822:7559:C:600 192 886 647 230
871:2379:C:904 828 963 101 577 838 852
859:1599:C:581 107 590
11:8719:C:564 80 807
858:5806:V:771 51 636 753 12 698 682 469 712 761 952 492 998 348 554
258:7816:C:598
881:3546:V:887
935:9050:C:437 91 151 638 309 550 748 728 921 280 260 599
231:8788:V:712 895 402 382 697
465:5587:C:556 358 75 986 150 692 847 502 747 1 9 266
437:2021:V:160 923 45 693 877 176 74 741 747 570 501 493 527 270 578 842 473
778:9417:V:
67:9496:C:769 99
279:1447:V:599
399:6132:V:505 428
782:5841:V:950 979 761 862 169 180 644 403 631 661
527:698:C:787 743 37
46:2526:V:941
687:2762:C:697 644 424 734 777 885
570:3058:C:496 767
315:8205:V:
898:5199:C:328 174 857 299 836 105 684 993
128:1732:C:990 258 559 430
641:2310:V:270 857 827
171:3483:C:738
119:5145:V:
693:7818:V:868 196 397 560 590 8 104
367:6376:V:974 582 106 309 77 152 658 728 527 743 323 975 661 315 585
244:4198:C:
653:997:V:560 577 852 593 580 300 371
647:7599:V:
481:9918:V:
519:5138:V:779 191 569 125 999 716 532 18 265 115 15 441 797 888 48 263 931 962 798 237 529 160 846 421 904 570 155 934 9 952 894 689 993
751:129:V:775 394 426
555:9633:C:376 145
612:3419:V:
325:9764:V:
657:4020:C:123 47 497 890 267
219:5642:V:573 88 685 817 774 861 422
961:8495:V:857 705 554
850:5355:V:99 234
698:6017:V:617 557 475 769
937:3751:V:438
666:9224:V:982 243 116 958 230
724:9917:V:754
228:8079:V:344 885 737
318:2296:V:
831:4600:V:277
529:8930:C:52 45 922 27 309 877 835 95 418 111 731 837 893 97 293 862 857 694 10 264
790:295:V:815 942 641 2 979 760 581 202 565 376 276
792:3744:C:39 76 91 846 574 786 241 148 977 645 396 26 644 505 535 777
150:919:C:692 396 204 382 133 214 799 559
813:7923:C:473
784:6446:V:
702:687:V:
639:8292:V:856 978 278 992 101 117 525 994 403
759:5003:C:873
295:9012:C:432 805 274
843:5250:C:692 782 509 783 319 862 850 166 507 164
587:9628:V:294 62 287 987
85:7208:C:
210:447:V:836 93 545 427
530:269:C:607 843 708 915 36 695 218 384 911 829 821 567
184:7866:V:
728:9931:V:739 269 141 686
939:7342:C:
623:1420:V:
987:3548:V:4
709:9221:C:342 223
87:4130:V:620 315
749:1319:V:797 723 621 263 974 720 962 390 553 946 391 677 853 13 407 43 660 63 374 725 862 300 264
30:3289:V:309 788 290 506 516 916 9 356 499 394
604:4489:V:172 210 898 178 87 939
135:5048:C:549 558 210 829 169 976 179 199 669
333:5510:V:
903:7837:V:130
428:8104:C:308
363:9639:C:584 606 465 437 91 574 745 187 946 986 681 97 870 372 294 165 826 824 96
100:920:V:886 526 784
832:5219:V:251 872 651
894:9382:V:727 885
111:3060:C:636 467 513 977 715 50 579 952 141 773
880:9310:V:554
179:7727:V:849 69
959:4566:C:478 600 883
500:5850:C:251 857 769 245
789:8344:C:755 110 605 475 351 199
226:3003:C:651
882:8255:V:411 692 196 445 712 9 251 616 250 805 845
435:2771:V:624 166 820 781 478 245 277 427 919
712:1776:C:284 57 289 166 859 869 272 245 260 413
197:5840:C:600
921:8529:V:967
689:8416:V:
531:2937:V:269 119
617:914:C:251 648 836 601 975 726
311:965:V:12 365 690 852 245 998
619:2287:C:554
42:3929:V:
346:1228:C:80 756
873:2352:V:
312:5144:V:118 873
820:3474:C:243 235 167
486:3265:C:670 256
142:837:C:652 642 67 182
176:117:V:896 290 208 868 53 927 911 611 403 79 348 199
627:9991:V:398 612 865 648 812
732:2752:V:154 277 128 69 590 972 422
283:3161:C:9 239 924 246 580 371 899 993
863:4325:V:750
631:3722:V:
134:7697:C:394 854 590 734
971:6151:V:617 497 492 427 29
415:3248:V:142 150 364 682 483 509 787 53 685 256
744:6534:V:560 282 617 982 852 997 713 460 735
33:7500:C:957 506 459 810 937 924 276
41:7416:C:704 350 701 833 681 550 653 517 396 282 890 99 342 164 473 630 446
837:9996:C:608 124 478 62 464
988:5492:V:175 423 229 924 632 118 845
246:68:V:
484:4037:V:671 366
875:382:C:498 578 425 913 73 105 710 100 4
201:4577:C:381 167 598
884:4718:V:655 842
451:9104:V:570 400 903 761 906 312
608:5239:V:166 20 669
625:5403:C:
34:9947:V:422
682:3145:C:577 157 434 267 619 854 79 118 770
270:2194:V:169 713 822 68 926 885
139:3084:C:753 741 360 790 517 690 956 138 921 188 453 296 752
309:5606:C:788 77 776 766 103 900 61 416 343 203 872 424 287 543
394:9041:C:351 341
152:9852:V:103 994 889 578 491 267 958 25 647
409:3485:V:631
889:7203:V:775 481 899
680:4607:V:941 826 631 734 759
493:3953:V:480 171 842 809
167:6732:V:
461:8066:C:18 265 115 749 621 931 39 90 52 309 433 712 649 280 141 80 686
993:409:C:
383:2284:V:143 124 370
823:6242:V:355 610 233
791:3984:V:240 460 428
906:4513:C:460 724 468 943 25
607:444:C:922 488 334 105 81 737
600:6909:V:29 873
956:1314:V:700 601 894 161 958
248:9481:C:598
846:2679:V:388 868 454 641 509 44 787 628 372 495 995 661
164:7294:V:215 756
536:8232:V:542 557 671 709 99 428 184 936
98:6614:V:582 465 935 82 701 389 135 730 815 346 937 725 898 890 295 894
592:1246:C:981 819
681:5767:C:708 196 748 2 808 168 260 619
805:6518:V:939
525:3067:C:933
236:5602:V:210 787 872 694 663 722 756
298:8697:C:106 668 114 858 27 835 764 843 653 502 549 205 65 180 126 918
453:2123:V:120
369:59:C:191 716 532 461 18 286 115 377 466 797 888 48 41 613 668 52 835 396 878 996 980 490
81:3757:V:662 887
444:3331:V:745 510 142 196 730 747 942 14 157 154 387 307 967
842:9286:V:
224:5173:V:932 8 975
950:6359:V:725 615 379 336 171 468
370:4762:V:953 610
547:1951:V:860 330 877 753 973 528 314 587 299 751 559 5 737
909:3003:C:986 973 502 414 117 511 46 334 478
354:3172:C:403 543 726
289:2389:V:267 64
796:3288:C:410 127 973 815 715 903 57 985 306 881 777
775:7095:C:128 734
526:4236:C:
757:9957:V:267 344 473 756
929:3497:C:
833:2079:C:353 978 391 681 963 148 418 753 708 653 893 676 703 496 221 171 17
76:4923:V:404 303 114 833 482 187 835 278 247 407 497 491 710 69
586:8549:C:345 556 114 482 488 528 715 721 689 661 92
448:6961:V:442 54 52 547 241 33 957 220 313 537 150 231 253 2 628 680 726
215:6595:C:
964:2170:V:317 913 245
445:5965:V:949 927 382
182:8213:V:526
945:2314:V:752
397:5850:C:53 866 425 93 565
986:1828:V:604 122 135 634 744 560 218 898 382 906 619
297:527:V:225 705
533:8737:C:541 934 374 53 143 540 295 611 348 737
802:4014:C:773 376 592
490:1000:V:936
695:8714:C:920 253 200 378 568 775 990
412:5300:V:
514:6223:C:322
878:2356:C:739 398 991 769 669
344:3981:C:64 164
872:3889:C:826 238 486 308 929
730:2491:C:485 47 403
907:6606:V:403 238 258
482:5443:V:786 717 877 766 208 418 853 140 135 694 705 393 727 276
854:8201:C:233
688:8271:C:773 784 651
697:6316:V:848 633 4 81 381
957:5960:V:753 971 400 970 849 894 756
340:692:C:
170:7280:V:407 71 161 341
458:4314:V:695 155 396 317 865 229
293:4946:C:859
825:9264:C:992 853 127 940 608
976:6866:V:484 20 559
958:779:C:440 669
562:7722:C:142 454 435 945 707
75:7608:C:607 765 843 86 708 810 515 703 891 294 781 240 279 899 993
879:769:C:834
867:1610:V:790 251 841 494 128 679 17 248
640:5854:V:392
807:5395:V:42 936
923:1140:V:149 418 86 451 275 940 695 838 937 875 328 348 535
628:2201:C:976 836 119 694 287 972 967
520:2509:C:838 63 850 8
933:6784:V:423 207 495 105 256
342:3228:V:94
118:6700:V:
174:9327:V:901
0:637:C:409
414:475:C:384 378 385 663
649:811:V:133 240 55
777:8496:C:
321:456:C:65 294
577:6707:V:232 544 317 872 948 840 492 279 559
294:293:C:791 773 855
79:5533:C:366 55
62:5302:C:387
230:2131:V:
620:5953:V:
542:6656:C:119 600 727 108
953:367:V:873
398:4112:V:180 869 647
786:9850:C:765 946 614 290 733 410 603 416 829 420 565 987 256 230
173:8237:V:38 500 739 297 775 392 381 954
549:6037:V:218 113
15:3078:V:363 368 797 888 584 367 39 442 52 388 636 652 275 458 371 919
381:6549:C:752
132:5849:C:578 972 918
26:7353:C:117 660 578 398 484 73
637:3953:C:434 34
485:363:V:743 680 959 490 167
471:2335:V:
669:4945:V:
470:3698:V:334 542 261 398 814 300 230
60:2177:C:865 385 279
667:9142:V:
147:4753:C:
826:5975:V:632
660:446:C:591 198 340 936
443:3796:V:960 506 969 418 140 646 515 396 558 603 207 814 228 691 661 215
928:6562:V:133 80 486 512
699:8360:V:936
223:3979:C:422
357:9931:V:290 764 963 947 149 636 127 753 790 674 329 949 435 200 60 180 593 781 281
574:3491:V:639 30 309 877 95 208 782 646 502 50 436 573 542 277 651
416:2295:V:911 112 996 165 70 214 100 126 686
741:635:C:966 870 628 198 260 128 839
368:5637:C:723 621 944 792 185 588 211 472 810 397 26 996 198
502:4556:C:14 469 996 491 985 948 565 830
133:8671:C:37 590
947:9062:C:149 117 65 625
785:2383:V:
563:7379:V:490 20 376
127:3954:C:159 783 979 927 743 248 845
740:4865:C:689
450:4774:V:273 519 779 369 191 716 532 18 286 265 19 363 466 797 723 621 944 263 720 227 91 717 922 896 77 278 488 452 510 741 361 262 284 522 182 824 735 366
259:8917:C:775 522 809
755:5465:V:900 84 262 123 61 501 728 808 763 65 162 280
866:3137:V:200 270 952 997 648 841 881
348:9015:V:
388:432:C:506 947 605 761 423 504 243 600 167 699
31:862:V:109 479 358 160 765 922 896 77 208 418 546 86 741 983 893 676 397 934 22 317 475 134 240 80 409
9:5056:V:951 540 385 879 936
380:7216:C:885 939
581:690:V:705 564
983:5825:C:528 511 297 667 72
264:5873:V:
816:1163:C:715 952 133 924 686 381
994:9166:C:46 328 891 292 58 688 29 432 131
49:7379:C:448 444 833 574 860 922 896 677 172 906
860:9720:C:717 249 111 604 503 275 577 257 378 580 272 96 886
919:5071:V:
551:1367:C:221 697 434 899 34 131
316:4200:C:375 547 717 309 963 570 38 436 573 46 292 664
609:3258:V:862 721 94 256
979:7040:V:928 212 548 601 182 322
836:6818:V:869 491 924 601
516:6725:V:515 458 787 840 413 248
828:5308:C:896 788 776 552 391 506 636 758 753 652 577 511 937 685 492 468 777
615:8490:C:781 709 182 742 371 505 5 315
406:3974:V:729 994 491
190:8416:V:328 611 228 914 4
901:9301:C:136 691
566:5084:V:255 389 747 577 558 50 859 881
489:1093:V:624 382 491 985 478 807
290:9527:V:966 748 397 170 608 485 423 637
434:6178:V:662
632:235:V:20 413 347 887
319:9669:C:362 425 840 738 778
262:8494:V:232 605 497 684 126
382:5587:C:836 245 136 428 670
886:3551:V:
206:8730:C:
729:1493:V:783 71 279 507 355 839 206 576
590:5312:C:339 392
405:1708:V:
827:7944:V:504 880 585
495:8052:V:455 366 42 651
504:5169:V:784
360:6264:C:915 618 743 281 161 505
378:8621:V:991 67 171 565 939
352:19:C:
253:3296:V:57 179 711 376
611:6607:C:492 245 413
323:7196:V:198 735
252:4233:C:667
492:3672:V:136
990:1553:V:855
89:7715:V:
172:1431:C:712 179
373:8937:V:281
478:346:C:154 126
809:6069:C:750
834:2222:V:756
160:3919:C:52 443 868 389 414 61 982 739 820 710
138:8365:C:859 881
63:1472:V:994 578 754 100 599 679
678:7507:C:367 390 437 109 556 160 443 786 923 946 693 788 311 419 853 122 364 196 549 558 603 627 524 907 906
656:4840:C:425 714 998
220:7470:V:733 966 50 637 420 93 522 965 599 752
914:9684:V:945 793 347
781:675:V:393 512
911:2649:V:965 727 512 120 699
966:1512:V:196 837 870 324 423 221 297 841 478 164 777 807
103:9121:C:728 862 844 948
91:4713:C:765 693 353 636 533 397 361 50 927 270 869 623 965 894
249:7845:V:766 513 893 46 642 484
329:1380:V:436 906 774 306 689
578:2705:V:821 198 671 635
43:5194:V:524 611 285
668:9292:V:986 768 210 620
925:8596:C:787 277 20
4:5232:V:248
189:7138:C:204 558 921 602 884 680
694:5100:C:62 565 564 767 534
487:9144:C:677 335 139 111 874 103 910 591 62 813
718:2277:C:
602:8812:V:976 997 79 279 883 855
829:4547:V:
148:5638:V:636 741 36 783 284 346 251 581 961 141 260 567
320:4482:C:642 691
408:4585:C:330 181 144 391 290 419 550 653 110 400 501 852 787 996 680 849 611 394 8 842
69:6874:C:
507:8029:V:834
591:9269:V:3 624 426
417:2559:V:858 181 186 681 957 255 127 196 397 703 695 170 216 169 475
655:8950:C:
232:8017:V:660 65 637 713 644 869 924
691:4956:C:392 722 534
573:7966:C:844 105 840 306 100 352
599:7616:V:
624:4044:V:991 348 630
874:8585:V:741 810 502 275 549 657 509 728 362 906 945 252 686 473 767 662
999:8625:V:716 532 461 18 265 797 723 129 678 146 795 720 444 962 160 211 896 853 516 193 527 489 162 468
268:7930:C:
932:7042:C:845 446
238:5200:V:
38:8997:C:346 609 865 180 822 772
864:3139:C:34
217:8516:C:312 918 6
927:4159:V:
40:8221:V:
242:3848:C:449 958
622:4594:C:39 650 477 442 935 437 109 479 30 771 983 275 159 703 155 579 934 23 760 751 392 302
517:8047:V:414 728 994 496 902 475 817 522 96
391:3113:V:247 603 660 628 323 212 422 206
978:9630:V:986 278 843 806 284 65 697 67 499
467:846:V:433 893 262 334 398 869 924 565 691 409 631
723:4629:V:944 792 76 962 153 45 922 856 946 853 127 550 645 712 612 295 371 990 585
396:7970:V:561 104 750
413:1569:V:
727:5231:V:242
554:1774:V:327
401:8952:C:14 579 117 937 964 78 869 822
725:6907:C:200 644 154 854 737
347:7053:V:
82:557:C:547 909 828 488 510 603 85 308
940:9027:C:284 808 416 787 496 62 182 393 287 505 554 302
108:8969:V:
202:3905:V:691 599 226
222:8987:V:758 971 646 36 50 525 259 35 807 737 426
151:6846:C:552 255 411 747 314 560 531 903 572 557 179 774 455 424 322 230
269:3613:V:619
339:3591:C:
25:1303:C:770
544:8430:C:525 218 878 542 523 738
810:3037:C:818 559
703:8305:V:384 609 987 422
662:8460:V:
78:4286:V:244 750
642:7617:C:891 644
389:794:V:183 433 361 283 348
797:3354:V:326 723 263 106 82 765 353 13 979 525 485 907 295 932 453
494:5965:V:387
317:9735:C:841 161 287 341 727 777 667
560:4413:V:694 272
803:3840:C:
936:2004:V:
243:4317:V:376
166:3543:C:732 710 248
948:1177:C:8 347 750 446
580:5442:C:914
513:9746:V:971 502 262 509 324 878 829 580 804
771:6828:V:764 969 415 973 645 674 815 511 921 862 859 616 710 392 943
274:5361:V:315
630:1725:C:
124:1412:C:379 965 449 958
227:6503:C:547 871 241 909 788 220 163 401 433 870 527 985 699
652:8393:C:63 395 429 379
80:7503:V:684 943
16:1774:C:419 973 101 787 791
251:3857:V:
37:5935:C:514 785
707:9381:V:
824:8376:V:96 662
350:146:C:556 211 922 877 176 838 190 218 260 773
355:7739:C:
904:447:V:187 290 452 127 731 43 603 976 194 746 340
225:1605:C:412 669
902:2975:V:214 505
776:8162:V:467 142 135 516 515 470 112 557 310 615 953 737 271
361:7718:V:454 760 997 37 512 5 803
122:7693:C:973 659 193 968 469 23 328 567 409 734 585
102:7297:V:377 441 363 584 678 350 465 935 114 388 960 835 986 604 549 703 321 329 577 343 832 112 395
72:7647:V:936
374:1607:V:739 697 774 990
633:2068:V:128
745:7086:V:330 771 77 957 459 748 654 495 718
558:9481:C:523 551 107 945 468
556:5300:V:45 768 410 236 84 579 117 875 496 743 323 342 315
629:7768:C:155 577 469 356 624 423 836 268 564 998
328:1198:V:162 965 315
773:1774:V:
960:7792:V:415 32 657 414 994 323 997 432 883
980:7313:V:161 340
376:4929:V:958 670
61:1424:V:334 239 478
806:6362:C:925
905:5280:V:553 109 443 786 607 946 552 766 220 560 949 872 844 202
795:8650:C:90 106 31 553 82 75 222 768 566 208 148 193 728 982 540 512
764:1657:C:208 467 560 624 623 840 248
896:4597:C:874 912 159 445 105 96 449 230
136:5219:C:754 887
910:258:V:384 134 238 42
117:3733:C:536 112
543:1245:V:274
241:6749:C:923 607 45 331 693 488 673 764 636 604 122 748 618 251 207 107 478 130
439:3065:V:
421:7543:C:151 947 973 360 646 747 365 536 542 11 902 821 619 567 599
371:5245:V:505 471
88:5263:C:166 372 938 770
912:2943:C:560 605 216 190 595 911 169 648 571 507 130
477:6889:V:153 330 353 95 236 583 364 172 175 709 932
721:4330:V:952 732 997 180 240
753:8850:C:605 579 808 188 11 154 387 809 340
506:8186:V:159 815 824 287 426 756
430:5816:C:
459:3379:C:973 262 193 266 624 11 990
163:5453:C:636 676 682 908 205 872 993 248 762
23:6877:C:310 859 961 548 839
423:7683:C:333 385
528:336:C:515 900 14 383
327:5038:C:
965:2932:C:918
195:2752:V:986 433 454 2 210 89
181:9579:C:566 433 682 282 988 852 996 769
266:9372:V:637 134 894 802 79 727
968:9053:V:9 573 800 78 20 428 599 534
877:9740:V:149 415 361 747 940 806
638:216:V:946 776 346 26 732 965 243 276 807
302:8258:V:
449:2035:C:
7:424:V:161 287
626:9128:V:440
830:2713:C:
596:5658:V:367 338 457 358 701 443 717 241 978 971 135 231 400 715 158
335:4108:V:410 122 14 838 950 712 284 53 495 484 393 130
890:5098:V:473 206 534
708:457:V:12 643 121 123 26 808 937 496 337 821 814 234
897:6527:C:48 944 974 876 622 444 31 109 91 547 574 909 946 788 278 208 513 755 744 204 44 221 269 124 333 87 409
711:9027:V:740 438 276 689
83:3038:C:243 371 68
636:5673:V:101 451 902 551 941 379 655 341 512 767
104:5213:C:809
8:3897:C:89
326:5145:C:944 263 367 792 338 795 622 185 298 701 858 607 95 768 144 247 764 51 969 140 744 189 257 991 484 20 785 863
107:5403:C:379 655 567 809 679
593:5739:C:295 686
203:3220:C:428
384:1663:V:732
511:7507:C:317 179 590 746
372:1882:C:802 72
651:9074:V:
169:606:C:593 631 926 302
726:1913:C:422
272:7684:V:453
491:7977:C:965 773 505 308
161:3258:V:104 392 626 785
679:2825:C:767
187:9806:V:75 388 330 415 101 653 755 900 695 815 282 218
576:3932:V:
913:7810:V:762
557:8735:V:11 791 351 376 754 118
992:6688:C:236 502 517 605 346 921 323 299 260 120 762
644:2057:C:887
28:4886:C:526
750:218:V:
407:923:C:44 328 429 341 640 147 610 651
237:4503:C:82 52 904 947 364 983 275 654 623 100 535 422 845
710:2401:C:287 413 66
818:6514:V:266 213
865:3784:V:913
634:6027:V:646 454 816 674 396 927 851 672
180:9916:C:675 975
188:2103:C:821 959 522 807
422:4000:V:
908:5730:C:903 9 324 266 83
670:7183:V:
209:4497:C:
292:6122:C:941
603:1235:V:324 525 489 952 224
924:7056:C:243
991:663:C:107 371 352
411:9529:V:977 14 61 26 850 824
798:2536:V:82 109 574 856 828 768 149 733 101 13 38 491 300
185:4337:V:613 90 465 530 786 331 16 692 97 816 232 605 435 965
545:8001:C:492 824 20 341 640
743:5982:V:373 224 424 355 599
650:9444:C:390 237 160 45 614 992 467 646 262 674 829 941
18:3540:V:286 115 441 888 48 621 944 931 338 39 49 350 437 923 856 181 771 566 758 692 645 549 815 641 925 878 875 166 395 165 495 840 998
395:7722:V:87 381 471
420:2006:C:
239:4337:V:267 481
883:2225:C:40
949:8636:V:57 362 244 580
648:8642:C:
931:4742:C:594 720 833 530 241 960 290 38 627 138 852 47 188 355 804 726
337:7795:C:464
260:2719:C:
144:2432:V:488 247 51 148 853 502 893 674 291 705 342 242 762
488:8293:V:843 629 365 329 993 327
27:5008:V:835 389 874 140 915 361 496 633 879 702
713:4699:C:212 914 100 409 233 585
410:6372:V:411 24 364 810 533 916 280 85 689 879
159:5801:V:23 435 325 707
674:2624:V:739 581 655
941:510:V:913
436:6738:C:402 740 250
915:8086:V:645 646 900 291 721 557 523 93 58 742
473:4217:C:
672:4759:C:344 887
887:6690:C:
852:7415:C:578 495 851 490 230
483:7960:V:609 107 73 647 464
856:8865:V:311 557 21 939 630
671:2030:C:243
306:5566:C:953 809 81 381 626 651
815:627:V:205 557 207 259 481
58:7591:C:340
218:274:V:435 270 600 793 120 440
12:6813:C:454 121 657 321 123 193 815 968 496 180 306 702 256
338:4833:C:582 90 846 874 937 180 611 201 432
534:3539:V:
419:2593:C:868 139 853 364 12 501 289 78 593 105 182 490 468
614:3964:C:681 733 528 13 850 372 976 276 258
314:808:C:123 253 469 875 167
496:2529:V:691 803
508:4285:V:580 233
559:5725:C:81 233 215
400:8561:V:802 881 626
137:6186:V:622 720 90 82 114 904 86 837 36 71 435 612 822
277:3190:V:
756:2307:V:
440:8863:V:
110:1382:C:321 71 356 609 496 169 890 655 913 99 161 94 223 264 215
969:258:C:32 703 616 924 83 854 79 264
677:667:C:546 12 528 454 815 43 88 628 609 60 907 512 164 167
808:8169:C:498 743 434 985 136 426
475:646:V:379 709 194 245 773 10 699 830 422
548:5564:V:224 801 302
427:8318:V:945
99:8516:C:242
583:7970:C:653 159 238 746 512 426
281:4107:V:245
893:5903:V:359 642 252
153:3227:V:314 321 189 666 445 979 573 57 334 65 740 709 194 87 394 252 526 804
32:6203:C:2 728 525 328 706 107 993
101:9022:C:314 1 11 73
55:6762:V:215
761:2341:C:46 35 769 228 699
205:4868:C:469 811 216 485 188 975 296
717:6038:C:765 27 357 149 74 503 173 155 398 277 120 630
715:4919:C:23 850 373 600 287 468 285 707
35:7149:C:807
851:4119:V:939 585 669
229:7397:C:705
683:12:V:805
589:351:C:36 113 130 767
332:1035:V:191 125 999 716 532 102 18 265 363 797 326 723 263 98 553 443 75 552 515 170 824
438:8799:C:167 722
90:1648:C:547 745 904 45 313 451 643 838 850 961 69 932 486 215
211:4010:C:443 151 552 391 484 394 737
54:8647:V:479 358 768 183 915 110 143 198 522 342 177
954:495:C:
3:1280:C:200 891 179 492 376 975
800:4286:C:200 539 128 5 206
705:7091:V:380 446
684:8168:V:
546:5459:C:695 498 964 165 504 83 427 100 625
610:297:C:
512:7752:C:535
393:8663:V:380 347
1:7540:C:889 671
841:7003:C:272 490 136 380 830
234:7609:V:
216:1056:C:859 423 362 655 545
621:9626:C:678 931 338 98 237 153 249 454 940 744 760 526 167
256:3143:C:
719:6814:V:
690:2589:V:949 800 616 504 460 99 854 683 767
221:7583:C:961 420 907 514 592 805 213
263:3766:C:974 41 106 31 358 909 963 969 868 755 549 216 324 63 894 322
793:5534:C:
426:783:V:230
84:6579:C:396 232 356 760 158 175
673:4241:C:152 870 251 292 781 453 366 449
787:8964:V:850 143 612 948 746
207534
220453
181660
229928
155610
199021
246381
154623
228498
221646
239470
174590
194036
223125
214796
239385
197344
206057
163267
186230
160616
216491
170294
223269
223287
249151
202669
176968
223652
243859
225867
214715
210772
193520
155301
240328
198244
243646
186885
232444
206056
218732
198424
198300
160747
165763
214601
181584
241553
192180
211147
231517
225531
170691
204744
170715
210455
229839
242861
162742
176812
232079
210684
200110
222797
181529
211544
235890
178263
159993
244833
246721
221988
235431
217976
173557
246029
151812
176604
230094
180669
207196
167913
153528
164066
173728
223363
167203
177086
207610
178626
241094
188797
167198
213473
199854
243962
228355
159084
240816
