1000
339:2235:C:298 645 821 92 560 644 99 251 580 604 153 572 513 322 578 949 282 900 550 622 727 406 715 981 46 740
910:5779:C:
787:3015:C:671 278 666 386 587 96 534 465 315
56:3176:V:895 419 941 181 958
335:2576:V:700 514
774:4627:V:343 209 941 261 638
99:8085:C:555 43 151 866 590 902 273 807 376 406 122 343 396 606 889 72 509 585 69 58 904
904:8881:C:
849:15:V:242 921 591 413
879:9831:V:
836:820:C:956 837 275 951 985 963 472
79:6290:V:224 598 534 274
219:3965:C:331 613 55 479 363 191 395 545 912 769
164:8308:C:459
351:5523:C:919 717 831 554 477
3:4678:V:74
441:1367:C:
375:9618:C:
898:5088:C:282 229 105 9 920 80 325 695 710 358 563 701 89 186 368
252:913:C:746
944:4270:C:359 959 162 970
473:2050:C:528 131 676 619 257
684:287:C:457 469 322 578 434 439 436 197 566 559 183 810 137 597 889 346 144 401 160 732 595
586:1216:C:384 392 134 69
281:908:C:592 388 509 769 789 75 174 952
250:8190:V:
820:2451:C:221 527
582:3968:V:30 844 157 270 963
683:8909:V:994 439 410 355 156 693 890 691 678 710 771 304 885 857 725 708 537
952:494:C:
80:7882:C:655 138 546 681 693 890 629 179 935 483 238
481:2582:V:873 963 883
382:8814:V:
138:7242:C:662 202 624 119 717 207 60 620
435:411:V:676 394
581:339:V:
25:6820:V:904 970
340:36:V:242 71 346 643 275 770
795:124:C:569 167 776 827 951
501:7239:V:607
213:2191:C:862 708 332 372
108:2343:C:
651:8810:C:767 957 944 526
319:2894:V:
589:7092:V:
556:9587:C:788 976 713 453 635 125 382
192:8259:V:336 253 21
773:2062:C:345 762 732
312:5065:V:390 306 325 884 135 759 715 109 776 862 253 176 922
762:7180:C:
469:6960:C:969 525 799 946 727 805 126 710 609 705 924 31 607
708:9833:V:
528:3857:V:124 664 103 102 455
509:2203:C:188 748
743:9280:C:740
141:1778:V:938 275 366 804 481
911:9817:C:413
825:704:V:935 553 159 337
768:3566:V:569 226 375 557
199:8317:V:347 626 618 386 227 315
455:9999:V:
315:6415:C:
955:2223:V:572 539 91 968 811 243 406 450 183 201 329 384 399 297 19 881 157 519
867:5944:V:471 379 798 955 341 986 322 91 900 350 774 40 545 254 78 749 894 441
905:3308:C:891 257
302:7842:V:987 233 985 60 195 369
282:6337:C:906 897 824 434 350 138 55 23 128 629 574 334 999 587 364 639 844
800:797:C:966 791
338:6628:V:926 37
37:5024:V:188 261 929
950:9498:C:915
29:9271:V:998 197 242 351 768 837 945 330 742 598 319 359
183:9390:C:882 401 983 8 375
44:449:V:
758:4998:V:144 789 864 117
327:4380:V:163 279 573
734:5610:V:888 869
143:435:C:892
921:9444:C:244 562 579 254 203 834
532:3706:C:350 56 613 450 574 810 109 337 404 272
296:9214:V:
588:8935:C:362
504:272:V:407 742 342 861 82 703 188 285
6:5310:V:90 65 810 945 919 271 136 819 382 181
815:386:C:954
437:9949:C:887 456
68:533:C:912 5
963:3834:C:
337:7914:V:401 433 514
424:6693:C:
568:5278:V:552 679 240 297 118 887 484 69 668 537
326:44:C:
550:6332:V:178 421 109 778 722 261 970
283:8912:C:550 745 730 333 246 28
692:92:C:411 253 168
779:9321:V:89
880:418:C:
31:4328:V:
987:8485:V:459 86
878:8726:C:662 660 574 254 317 757 253 274 958
877:6415:C:972 649 216 901 968 228 23 408 582 827
75:2358:V:650 215
160:9842:V:176
612:2514:V:693 53 430 3 494 601 46 285 168 476
583:9026:V:101 590 178 992 219 12 786 678 919 187 392 160 762
397:2551:V:76 430 854 338
621:6938:C:
813:114:C:
418:9503:C:
783:5252:C:351 559 919 334 941 733
360:7993:V:149 854 150 789 698
829:845:C:77
605:3999:C:510
451:4013:C:5 964
686:2145:V:847
814:4580:C:612 778 144
407:128:V:889 568 478 775 903
876:6108:C:419 97 76 552 887
633:4180:C:651 506 413 526 621
833:9073:V:323 484 850 527 255 573
841:6109:C:669 845 794 542 432 300 471 648 64 796 43 299 683 865 897 525 101 761 946 7 225 486 114 927 230
739:4891:C:50 316
267:8238:V:407 358 938 873
839:2296:V:473 911 812 37 21 285 456
862:3491:V:475 69
542:8174:V:648 99 251 492 299 91 868 461 914 997 680 842 764 899 844 571 459 456
480:4828:C:707 11 75
218:2075:C:669 560 266 754 867 300 471 127 482 580 505 572 485 649 627 377 807 190 774 247 54 451 589 401 903 375 24 315
236:1849:V:573 162
775:6840:C:114 599 224 951 638 620 883
873:3524:C:46 874
931:9740:V:607
214:8727:C:544 541 672 659 339 645 496 206 632 218 300 99 127 989 604 322 683 517 9 10 377 461 766 314 30 928 741
845:4103:C:560 644 867 470 702 529 356 120 806 140 525 80 427 6 59 778 480 936 78 996 497 933 82 501
907:8092:C:386 478 936 16 784 777 375
791:9222:C:472
230:5430:V:915 476
729:6526:V:429 940 527
901:4241:V:417 617 997 51 511 766 193 407 275 915
109:9606:C:679 474 279
366:6782:C:78 1 748 948 874
510:6759:C:855
408:7781:V:200 873
15:1966:V:7 438 691 518 136 966 60
493:1649:V:741 772
954:3348:C:
540:7836:C:947 275
982:8573:V:957 164
466:7557:C:811 622 208 193 714 258 220 412 758 664 433 874
782:3071:V:961 797 947 775 98 117 274
398:185:V:972 949 969 576 663 13 243 909 856 716
180:8044:V:372
217:7166:C:
640:4572:V:906 897 807 921 614 281 504 330
201:498:V:346 769 203 265 892 784 698 952 740 315
206:9781:C:211 266 794 432 300 66 513 576 454 902 614 771 995 885 238 732
405:6432:V:671 325 893 273 438 614 79 5
19:5736:C:650 686 619 642
995:8319:V:321 403 11 936 233
433:786:C:
935:5538:V:643 707 758 531
657:799:V:781 236 653
2:9726:V:994 466 866 673 946 328 566 921 128 169 244 110 3 74 554 254 150
496:7023:V:841 669 845 22 560 754 542 64 379 798 276 989 457 796 969 663 901 868 525 675 759 843 145 846 586 388 619 292
869:8311:V:
274:2119:V:
415:9815:C:172 871 353 862 374 233 139 913
559:1290:C:347 802 395 437 313 777
173:3321:V:
978:8645:V:
177:9087:V:
202:4969:C:193 248 990 279 621
334:7041:C:885 924 767 82 803 370 521
687:3977:C:249 306 376 156 334 551 742 652 444 732 828
721:7407:V:553 739 335 310 573
625:722:V:418 605
875:1738:V:172 81 478 603 940 930 690
104:9275:C:162
561:4222:V:
631:6791:V:929
637:1935:V:419 418
271:1331:V:616 261 332
871:6548:C:833 951 456
567:685:C:924 852 495 41 514 162
500:8309:V:
353:5100:V:657 677 573
352:6446:C:514
45:2831:V:633 115 942 24
560:9322:C:867 432 989 712 91 576 42 282 70 709 87 695 532 123 331 693 190 347 174 722 904
303:4757:C:260 912 317 520 84 250 227
549:9161:C:704 701 253 261 631
386:8184:C:478 204 72 297 75 250
42:4813:C:866 311 197 97 324 480 563 497 860
444:5427:C:
238:1195:V:464
927:8494:V:416 368
120:3019:C:91 596 965 434 866 312 29 932 223 191 27 367 238 668 818
638:1377:V:991
513:3888:C:158 994 106 517 897 405 797 707 812
154:5245:V:983 668
619:8956:V:638
951:4302:C:748 716
962:5032:C:84
697:2080:C:
468:8194:C:762
541:3624:V:793 672 298 645 206 669 542 648 276 877 120 898 42 897 427 799 331 55 318 110 586 388 918
434:4943:V:311 13 33 406 768 191 990 246 638 948
897:5901:C:312 499 87 997 63 893 843 837 191 591 171 451 599 52
467:2320:C:527 915
529:5140:C:969 901 229 596 228 997 309 681 654 183 614 360 302 502 985 316 514
67:2068:C:719 829 335 261 834
776:1888:V:3 391 297 607 978
872:8677:C:627 87 13 727 660 219 344 967 412 125 113 950 630
643:8570:C:424
737:6587:V:995 302 358 44 160 32 777 217
443:4511:V:417 405 872 461 886 376 242 890 397 984 358 721 337 144 664 657
232:1853:C:620
545:6842:V:483 936 399 444 937
668:1604:V:501
716:3312:V:581 24
713:3493:C:234 201 403 213 881 829
48:6700:V:425 801 934 882 912 185 686 268 500
74:8706:V:320 765 642 117 362 922
350:8023:C:51 231 122 425 304 714 302 497 435 107 827
209:5257:V:174 777
547:3987:C:582 222 233 75 238 602 880
816:3172:C:102 375
292:3908:C:310
112:882:C:544 696 541 659 298 645 821 92 289 867 127 702 492 649 365 463 229 735 499 893 350 219 126 191 643 342 224 926 121 639 708 168 372 822
175:7169:V:408 346 618 882 185 642 840 524
808:2837:C:
706:5869:V:235 598
203:826:V:881
381:7201:C:464 143 32
981:5895:V:453 618 192 791
246:9766:C:639
426:7160:V:291 638 963 621
470:2342:V:684 153 529 806 198 508 965 434 695 436 452 397 579 221 502 104 708 524 818 467
249:7925:C:312 35 376 406 419 907 67 367 150 733 523 21
599:3373:V:503 625 982 918
348:539:C:649 687 735 33 423 163 451 240 701 996 847 270 748 170
566:1611:C:710 72 750 170
92:9717:C:206 841 669 22 507 266 644 867 542 64 580 604 492 348 42 282 994 198 968 106 517 849 836 624 200 3 628 668 491 964
60:6711:V:310 922
874:4171:V:855
627:1684:C:377 695 208 438 59 956 688 940 491 752 958
321:5296:V:
26:3508:C:436 346 842 316 526
186:656:V:433
694:5003:C:449 558 800 974 467
314:7125:C:985 371 232 375 212 389
908:3394:C:913
691:3140:C:810 737 589 635 857 523 861 50
259:9147:V:37 349 677 28 257
796:7101:C:417 301 461 478 531 186
14:1849:C:302 220 561 468
187:6942:V:213 24
972:2207:C:70 583 306 727 205 693 788 637 329 707 533 603 952
21:4490:V:
12:9941:C:843 169 194 737 330 935 899 561 892 345 86
324:7910:V:445 967 462 749 770 75
66:7161:V:513 322 356 43 91 658 709 325 29 294 243 45 509
487:5507:C:427 355 849 728 957
144:4419:V:400 752
78:2902:C:725 716 512 332 28 455 315
715:4013:C:624 758 690
755:4458:V:815 620
491:290:C:501
268:4795:V:458
193:7043:C:163 995 142 779 682 739 888
801:6317:V:318 193 651 726 938
819:6011:C:
124:2060:C:860 95 605 732
847:1469:V:50 896
728:3388:V:816 252
894:2912:C:155 527 433
18:837:V:429
364:6730:C:812 912
610:7347:V:881 180 922
731:6935:C:722
233:2995:C:930
190:5926:C:801 956 302 528 531 154 253
309:5314:V:12 788 680 39 185 176
578:2317:C:43 120 463 576 158 229 868 151 249 378 306 328 166 848 566 122 614 318 167 592 611 775 760
316:9418:C:472
82:8319:V:677
733:7764:C:749 262
401:1249:C:523 731 188 922
705:4010:C:119 473 553 96 444 256
641:7388:C:446 202 961 445 852 726 826 495 108 380
882:3370:V:966 4
212:3539:C:527
799:2471:C:13 7 35 354 767 938 213 862 185 957 113 698 519 316 526
519:9421:C:930
39:8804:C:275 203
745:532:V:51 354 730 452 846 778 47 220 789 46 913
224:3148:C:534
525:4387:C:390 35 12 169 916 318 109 820 420 102 236
865:8558:C:377 799 843 766 718 182 889 707 253
698:8461:V:
752:9054:V:
438:3098:V:453 399 725 268 232 36
518:9116:C:721 404 985 963
571:6546:C:
506:1053:C:701 915 476
20:1957:C:310
256:752:V:940 896
189:4537:V:906 780 807 612 895 768
30:7029:V:150 881 222 28
165:4366:V:
790:428:V:554 261 883
380:3061:C:
347:4922:V:707 399 882 664 686 61 674 359
149:9214:C:616 362 368 455
632:8196:V:218 600 845 300 572 454 198 101 532 946 785 6 849 606 408 200 154
997:8048:V:6 788 202 327 995 76 288 582 750 940
260:4553:V:420 927
388:2875:V:3 552 17 404 777
858:8803:V:932 609 226 221 531
103:9478:C:979 833 722 619 58
127:9356:V:251 505 712 572 796 877 91 515 140 590 26 29 340 714 321 76 717 388 196
856:4060:C:
409:2597:C:880
667:9669:C:
369:6878:C:
395:834:V:530 512
456:5715:V:162
786:2848:V:895 890 971 128 774 999 483 78 533 455
682:6443:V:207 899 553 130 84 937 465 402
759:5117:C:988 493 582 159 758 502 581 815
676:823:C:195
754:7561:C:867 555 712 901 282 515 902 885 651 549 320 184 404 323 359 732 380 822
570:8226:C:165
179:4676:V:453 0 599 32 326
906:632:C:378 499 745 886 51 242 945 258 767 909 554 124 789 728 966
941:1020:C:804 185 948
0:1836:V:750 813 380
156:5632:V:511 277 109 209 587 610 275 246 863 642 177 389
678:4700:V:142 830 762
507:7488:C:794 505 796 649 683 738 925 249 680 854 899 742 631
378:6797:V:12 691 678 452 202 119 597 83 58
300:3377:V:989 796 299 312 101 390 87 350 678 145 562 149 699 820 24 855
463:9601:V:417 550 546 681 193 94 842 853 749 953 186
574:5719:C:767 545 871 150
11:158:C:5 180
428:523:V:
332:3340:V:
537:5757:V:
964:2531:C:
736:3564:V:190 200 495 830 34 602 879 913
980:6048:V:
669:2387:C:507 867 542 99 580 539 986 469 949 417 751 811 295 718 200 626 701 903 749 459 32 380 162
128:9471:C:919 391 862
288:2125:V:720 553 603
718:2077:V:45 413 990 589 665 733 625 491
261:9579:V:177
624:8778:C:776 633 628 857 465
313:711:V:
658:2296:V:189 466 427 73 258 89
5:6022:V:253 86
234:9391:C:258 699 442 497 533 164 82 177
225:6765:C:451 652 770
939:8088:V:
885:7841:V:506 816 418 570 285 326 476
262:5527:V:571 177
852:7953:V:540 159 894 77 741 581 869
533:9428:V:
896:4922:C:
442:717:C:159 114 538
629:5195:C:838 321 430 582 291 957 533
744:7095:V:29 884 785 205 450 30 303 982 588 840
4:6591:V:69 840
671:6785:C:243 35 766 172 109 776 626 611 558 364 728 411 530
436:1871:V:629 713 271 885 540 451 265 95 181
714:6294:V:144 401 462 533
642:5094:V:21 762
607:8070:V:173
197:566:C:666 569 453 797 967 563 747 259 944 575 512
544:6579:C:541 793 659 298 645 821 92 289 632 794 975 580 299 649 365 282 417 577 377 243 166 190 333 318 493 764 652 962 510
235:1306:C:568 922
458:1541:C:
306:5257:V:325 660 766 169 717 75 725 937
284:6074:C:87 7 219 56 247 926 749 75 571 130
924:387:V:302 704 475 987 951
107:4204:V:268 777 803
311:6867:V:13 785 693 554
211:9014:V:669 560 266 251 307 111 901 868 151 361 427 785 205 145 192 739 534
831:3974:C:618 820 509 75 605 501
604:5296:C:539 711 492 348 158 189 868 615 673 695 647 859 338 297 881 411 382 359
404:5830:V:892 212 697
328:9118:C:678 363 718 183 94 200 329 79 996 966 605
593:2424:C:72 621
735:545:V:965 325 660 730 612 559 755 296 491
336:1448:C:721 256 953 818
32:5659:C:86
855:97:V:
989:2059:V:580 485 469 968 787 627 12 916 53 202 97 324 510
577:7961:V:312 730 836 876 137 408 407 136 842 412 601 980
27:1908:C:704 297 98 512 476
630:2352:C:
993:9771:C:731 34 484 534 370
449:7674:C:5 393 964
323:1591:V:394 500
675:9130:V:166 126 647 423 169 396 320 722 180
689:2608:C:302 800 827 323 910 441
899:3188:V:72 213 823 157 534 581 522
598:1891:V:371 716 332
247:9120:V:549 573
130:3051:C:217
50:9634:C:653
793:685:V:659 496 218 22 471 99 307 299 91 949 735 811 617 884 660 681 895 343 267 478 856 416 834
28:4519:C:
517:3689:V:515 228 87 971 916 624 81 934 392 441
123:9901:C:436 509 692 823
97:1440:V:961 838 47 699 213 571
499:327:V:396 453 246 323 851
701:1824:C:625 770 117
999:8064:V:187 428 215 177 455
498:2106:V:
310:1781:C:472
690:3921:V:
526:9713:C:368
371:3310:C:316
163:4203:V:209 483
926:133:C:433
365:2539:C:42 311 992 247 248 676 188
178:6600:C:681 945 334 679 224 173
221:4755:V:154 631 869
767:2264:V:826 18 250
711:8150:V:356 299 417 9 780 434 727 156 436 340 956 563 503 502 861 21 310 954
934:9154:V:109 248 842 747 533 98 491 236
562:3886:C:995 76 587 758 250 970
447:4924:C:408 726 545 610 974 823
636:4911:C:472
356:6389:C:576 454 727 675 436 205 814 718 183 961 504 247 679 938 336 437 303 444 34 748
270:9545:V:605 441
848:5688:C:843 629 445 30 758 489 676 24
16:4540:C:102 250 500 186 913
527:9533:V:
295:7624:C:29 613 156 810 771 47 27 549 102 230 160
646:4183:V:751 556 438 890 172 859 718 460 601 719 323 261 607
943:2239:V:270 176 803
590:1684:C:350 12 998 759 242 693 81 797 430 334 547 568 724 987
805:3514:C:277 562 97 626 758 908 262 953
785:7813:C:886 225 141 752
933:8488:C:526
616:3404:C:767 912 533 535 77
207:5537:V:611 472
121:6553:C:944
135:1979:C:546 354 205 977 890 924 721 723
576:9340:C:42 994 106 920 550 745 15 992 331 613 782 172 267 161 5 953 638 476
913:9688:V:922
133:8967:V:231 768 715 919 923 599 827 607
439:5450:V:799 331 197 713 820 847 915
62:3067:V:794 867 471 245 798 127 66 702 877 972 994 583 436 201 689 707 364 50 929
572:1883:V:972 454 806 106 105 487 761 15 814 200 314 395 114 523 918
51:226:V:123 730 511 981 606 651 679 936
362:4781:C:
465:5732:C:931
411:1228:C:77 631 942 424 557
155:7393:V:
166:5025:V:73 149 388 104 433
662:9859:V:6 766 149 705 3 909 213 422 813 215 668
748:2714:V:236 514
372:4560:V:
844:1304:V:937 409
459:3545:C:501 177
41:1131:V:
991:5666:C:732
23:6677:C:449 185
649:8826:V:683 655 843 450 932 53 614 826 118 987 230 411 352 688 58
7:2245:C:190 559 446 876 94 714 706 947 413 161
609:9677:C:76 721 337 770 510 255 514 822
979:8768:V:822
883:576:C:
195:1610:V:
414:7123:V:484 937
968:982:V:70 897 295 566 763 616 587 533 847 930
17:4338:V:701 420
920:5582:V:997 902 243 309 438 858 271 626 388 996 688 181
765:2681:C:394 948
727:6476:C:886 715 248 587 621
153:784:C:348 120 454 229 378 859 363 277 876 995 201
87:2437:C:410 51 55 277 421 288 758 374
558:5177:C:257
69:759:V:
264:9696:V:727 785 849 192 280 449 68 531 991 162
602:713:V:
330:5396:V:17 857 444 255
95:7679:V:130 173 970
889:4907:C:749
253:4068:V:389
596:2960:V:228 312 902 992 666 145 193 97 47 445 967 395 489 383
864:1942:V:
564:7808:C:310
502:3467:C:966 394
445:8321:C:220 230
890:7409:V:504 408 263 481 750 894 588 236
809:2944:V:710 445 136 337 437 636
579:298:V:209 159 719 625
64:5472:V:580 153 572 513 457 968 70 284 893 138 771 981 609 76 445 27 477 812 692 130 834
810:6521:C:579 717 842 495 19 484 619
720:9959:C:14 367 270 519 359 368 939
854:8556:V:296 908 77 818
168:7104:V:
521:3676:V:828
100:9733:V:641 626 430 907 733
990:5568:C:943 89 262 830 948 595
753:3508:C:
367:92:C:599
325:2155:C:807 654 956 562 579 207
145:328:V:718 838
760:6043:V:
953:4045:V:527 510
530:4977:V:
33:7785:V:328 156 809 396 164 535 372 697 883
918:775:V:952
893:4434:C:681 916 981 71 329 792 861
818:4355:C:
216:6088:V:42 817 70 151 9 301 325 166 360 618 591 724 739 34 456
257:9162:V:
55:6756:C:450 805 403 252 830 564 44 195
237:3934:C:571 117
105:4530:V:405 434 283 878 745 675 843 128 333 334 938 760
38:3189:V:250
132:7606:V:911 337 827 708
601:6725:C:489 830 21 743 186
575:6175:V:
117:3626:C:
84:4662:V:
548:6374:V:630
769:9000:V:933 708
40:6711:V:383 940 279
960:8167:V:299 454 751 105 745 875 6 450 479 567 399
975:6649:V:64 276 127 580 960 578 216 898 901 499 178 122 281 137 919 699 742 823 472 514
495:7154:V:260 34 880
258:3502:V:76 330 726 563 192 899 222 429 620
344:1392:V:849 786 126 423 128 363 562 842 630
777:1739:C:
726:6993:C:554 131 523 459
797:5940:C:548 108 732
479:9450:V:809 141 437 96 892 524 991
857:1610:V:274
515:895:C:151 434 378 219 406 438 736 23 717 990 926 722 619 467
171:3064:V:721 719 428 237 104 937 58 402
403:6676:V:990 404 444 270 917 456
780:8396:V:965 80 849 415 385 137 924 591 449 750 819 929
476:564:C:441
546:6641:C:836 795 425 586 275 664 1
592:7698:C:907 154 516 653
644:5926:V:867 555 152 276 470 482 66 43 454 229 487 568 742 588
679:2628:C:303 789 134 619 44
176:7363:C:963 285
494:909:V:
919:2942:C:329 726 611 358 826
416:5004:V:
373:4533:V:898 900 965 166 438 163 430 540 679 652 548 823 389 874
440:3070:C:282 488 80 51 971 579 587 812 268 603
477:3256:C:733
511:8898:V:768 412
680:4943:V:200 386 150 834 217
639:6908:V:985 394 910
895:8593:V:244 330 586 391 261 61
832:2021:V:897 448 378 355 849 691 318 827 77 948
333:725:C:244 934 480 856 394 310
730:1941:C:783 736 795 935 911 871 280 881 113
645:4515:C:496 92 289 22 245 798 276 470 66 341 322 877 751 900 306 695 660 347 0 275 393 748 630
9:285:V:228 811 325 886 138 998 559 124 664 535 953 319 316 834
853:367:C:686
569:1826:C:885 79 40 679 628
241:9178:V:
543:6956:V:822 217
94:5980:C:504 536 265 323 732
700:4174:V:741
929:5984:V:
191:4165:V:45 324 79 403 118 819 154 538
608:3327:C:364 380
650:6088:C:
803:3417:C:
594:1422:C:993 185 894 708 117 236
329:4541:C:558 230 345 25
223:1523:V:810 426 704 957 262 773
374:9418:C:957 37 371
703:3275:C:942
125:5983:V:520 630 690
603:1300:C:310 741
623:9905:V:941 844 82 864 630 851
136:9436:V:478 764 982 987 950 929 28 958
346:3224:C:207 451 303 160 173
113:4345:C:530
881:885:V:256
150:4231:V:962 195
685:6418:C:
903:4028:V:96 918 951 484 250 524 491 465
614:1989:V:606 442 124 296 155 359
158:3057:C:968 106 9 448 6 730 890 566 473 224 474 803 931
994:4948:C:615 228 499 35 546 956 97 407 947 775 449 833 375 467
116:7511:V:73 199 271 779 820 52 270 1 716 915
923:3751:V:220 367 252 441
265:9169:C:864 510 537
747:8584:C:589 213 602
789:6168:C:250 772
757:5246:V:928
945:9325:V:403 911 894 177
580:1772:V:341 960 469 949 2 517 824 872 26 946 197 629 574 567 804 381 873 455
946:197:V:273 129 759 710 318 136 220 775 196 625
823:3925:V:708
355:2013:V:613 612 415 149 447 686 892 978
462:7457:C:203 731 18
666:9448:V:859 609 395 509 428 543 939 389
387:1709:C:872 655 219 190 618 903 368
930:1579:V:526
523:560:V:20 424
750:5233:V:467 57
746:5080:V:851
244:6364:C:562 207 384 933 93 869
827:4766:V:917 588 375
565:15:C:797 235 404 585 964
72:323:C:16 186
710:3703:V:504 579 720 540 314 694 292
826:5633:V:383 803 285 433
452:2161:C:191 200 420 510
429:8310:C:157
342:4516:V:
884:6821:C:807 178 354 145 137 863
985:3247:C:
184:5592:C:444 352
938:8898:C:82
665:732:V:
742:8248:C:527
966:3257:C:476
384:7512:C:285
937:6319:C:512 165 929
485:1710:C:43 373 105 10 627 390 264 946 807 7 35 882 41 24
492:3714:V:877 9 965 858 225 737 967 593 209 721 16 722 467
557:2385:C:
392:3080:C:589 862
781:3447:C:
269:739:C:438 197 53 76 842 983 232 368
385:10:V:324 818 942 828
508:5922:C:228 35 890 23 321 404 844 892
400:6833:V:50
482:3246:C:955 457 43 299 735 920 80 350 328 795 999 852 17 16 619
290:3943:C:214 112 696 541 793 659 298 645 821 496 92 289 632 560 300 471 975 64 798 276 127 348 529 969 832 925 42 229 615 10 390 438 53 995 518 984 483 871 5 102 82 722 638
936:8253:C:
673:5609:C:550 788 318 837 125 833 944 371 424
764:92:V:159 383 510 186 332
239:4155:V:707 987 246 262
454:485:C:900 70 228 405 312 354 122 559 199 776 610 353 789 781 380
61:8800:V:621 685
93:8288:V:
182:8286:C:611 531 861 98 24
766:7340:V:971 774 71 651 483 936 317 905
46:9041:C:
986:9332:V:469 796 158 994 198 515 596 301 671 590 858 678 85 707 599 862 185 642 543 370
77:9902:V:595
958:8308:V:
704:1860:C:719 296 96 222 966 619 380
278:4337:C:199 718 567 358 395
615:22:C:331 55 334 618 207 358 585 749 418
772:9772:C:
98:2957:V:28
974:4523:C:603
512:7539:C:
969:1262:V:365 33 783 267 592 207 209 4
531:1482:C:19 174 95 638
681:6375:C:156 895 766 145 183 574 94 207 568 610 665 851
472:7726:V:
361:9062:V:673 893 766 559 976 876 403 254 882 548 952
457:3803:V:322 898 868 448 312 294 675 331 267 150 812 489 103
390:7158:C:325 718 797 679 16 317 765
47:1190:V:839 473 947 755 769 428 937 734 834
988:2049:C:329 187 79 582 88 335 165 752
595:7627:C:
503:5586:C:96 760 50
363:5643:V:396 838 947 293 150 374 873 176 964
606:2910:V:504 447 346 611 528 903 987 372
181:8665:V:
843:9405:V:810 713 442 465
210:3012:V:59 333 81 504 699 885 422 531 57
8:3923:V:
792:7270:V:221 528 364 930
139:9272:V:
976:7878:V:65 81 5
205:1335:V:976 623 710 713 981 293 72 987 530 557
751:500:C:532 354 55 783 172 597 248 941 144 974 519 883
231:3133:C:950 50
912:4917:V:728
422:6875:C:
707:2264:V:990 548 978
859:7737:C:191 924 540 1 869
998:4817:V:88 96 929
159:152:V:125
349:4463:C:
626:4274:V:392 804 125 195 315
423:2453:C:633 336 296 962 639 557
129:8951:V:678 453 643 951 21 631
35:4411:V:23 629 961 109 778 240 844 256 323 874
807:839:C:138 376 6 205 126 330 442 386 240 232
828:2420:C:
464:379:C:883
305:3181:V:329 136 263 102 734 607
653:974:C:
647:5594:C:169 385 148 553 464 918 784 28
956:5906:V:778 141 747 608 393
450:9716:V:562 587 601 130 424 456 939 389
111:2742:V:960 322 649 216 158 2 866 23 831 853 927 98 722 940
22:515:C:99 555 152 798 43 576 901 968 466 9 415 128 97 776 324 330 885 924 598 762 621
784:4881:V:
973:3178:V:866 377 745 425 569 565 30 827 238 411 37 822
749:1023:V:830 157 181
489:36:C:769 557 828 86
227:7550:C:
402:9959:C:
275:7999:V:154 844 964 538
453:2169:C:142 125 979 833 233 319 362
242:1985:V:172 956 713 714 324 372
516:2081:V:756
359:1009:V:
461:390:V:914 344 730 768 48 838 721 873 538
732:770:V:139 514
204:2014:C:364 777
59:4006:V:414 990 692 296 650 760
115:4174:V:380
992:1065:C:768 859 831 445 204 317 725 215 851
648:9827:C:152 798 482 469 120 949 646 515 434 811 695 893 884 116 916 244 396 839 184 213 374 34 32 86
483:4541:V:280 725 237 510
90:2993:C:981 453 587 83 68 459 670
254:3407:V:475 963
851:2298:V:
248:9492:V:941 254 721 159
399:2127:C:677 697
724:5500:C:144
925:1385:C:897 488 920 590 197 736 201 196 686 765 382 389 595
928:3160:C:
798:7938:V:276 492 158 354 921 788 614 110 592 611 719 894 829 265 603 60 424 815
860:5435:V:888 630
822:1648:V:
655:5870:C:550 306 532 129 984
389:808:C:162
573:1174:C:36
410:5735:V:12 556 55 479 691 453 626 999 268 1
870:4109:V:467 922
287:1561:C:885 923 403 935
660:6818:C:73 961 258 47 288 903 688
891:3460:C:
948:3831:V:653
358:5810:V:30 665 862 908 98
761:5749:V:997 208 309 166 73 678 419 764 784
915:5218:C:
620:7398:V:
198:3589:C:550 286 727 992 210 843 783 859 137 813 467 913
740:5530:C:883
842:9998:C:159 826 371
553:3008:C:765 524
272:1570:C:963 24 855
804:1156:V:757
446:2135:V:247 881
554:3190:V:826 203 856 603 310 472
909:5330:V:263 125 739 86
672:3384:C:298 645 821 211 218 22 507 266 794 542 471 127 470 105 515 9 872 331 647 244 175 193 191 789 650 700
534:3439:C:
677:7957:C:
291:2359:C:881 864 117 176 573
861:3048:C:232 522
563:2418:C:742 16 107 770 913 402
425:1541:C:403 571
524:6213:V:
354:8845:C:890 53 225 329 192 610 291
916:3514:V:430 533
471:6653:V:64 555 341 576 925 158 868 590 13 116 981 705 234 704
886:358:C:354 116 367 404 639 58 588 621
431:7920:C:407 445 616 726 400 607
396:1019:C:191 163 767 568 643 451 503
670:7696:V:
914:3933:C:63 29 406 783 666 363 94 838 945 473 570
738:3874:V:661 868 865 405 671 376 843 419 563 826 784
717:1062:V:594 903 652 835 188
663:3061:C:216 158 106 466 9 550 727 438 783 145 854 993 853 908 829 948
949:1087:C:893 846 831 650 985 285
63:3939:C:135 613 145 713 447 384 256 155 1 930 557
222:4058:C:527 368
317:7376:C:676 36
331:9570:C:718 244 956 396 191 934 38 503 117 917 332
763:933:C:83 964 620 874
285:9130:C:165
539:2553:C:868 405 673 306 242 122 614 713 967 531 548 32 455
600:2994:V:669 22 507 266 794 542 975 485 832 973 70 735 128 183 775 656
101:6000:C:29 309 654 895 838 451 979 621
723:9592:V:
702:2374:C:960 51 128 771 714 984 842 263 254 449 833 677 690
70:4713:C:866 532 946 836 559 343 60
161:9995:V:41
243:901:V:771 137 430 767 58
821:135:C:92 206 632 218 867 300 798 276 505 348 158 151 596 49 695 745 799 736 961 682 428 75 725 571 847 883
834:7056:C:
43:4179:C:949 898 615 811 87 546 395 733 530
215:3842:V:822
229:5434:V:973 448 866 100 617 997 946 351 163 234 209 280 599 676 944 607
840:4066:C:970 883
421:1447:V:431 490 609 334 445 449 927
846:5034:C:110 924 241
892:7606:V:700
147:286:V:891
200:6303:V:226 941 842 990 238 716
85:8637:V:5 857 833 731 464 335
391:4892:C:740
699:9365:C:334 247 719 522
343:3161:C:150 489 628 459 944 777
170:8809:V:332
76:9856:C:742 585 238 464
419:1472:V:720 611 204 483 871 777 467
420:6195:V:393
959:9083:C:
868:9756:V:897 627 377 745 532 123 376 344 436 614 567 447 591 293 253 952 257
505:9063:C:448 627 324 148
488:2267:C:997 759 23 715 839 589 21 527
475:871:V:246
73:4068:V:163 633 593 358 635 520
96:2353:C:816 352 743 177
131:822:V:495 456 620
10:3260:C:378 550 294 309 59 452 606 778 742 34 808
86:2556:V:
140:2805:C:283 660 736 609 76 79 252 174
778:5042:C:358 364 366 996 784 41 32
114:3328:V:733 233 177
118:813:V:861 24 929
91:4099:V:972 649 868 709 596 487 946 51 613 976 771 267 388 297 195 181
146:1753:V:877 120 311 283 849 612 277 606 81 163 194 549 213 770 564 928 896
71:7260:V:491 607
838:91:V:802 291 926 19 130 382 803 369
137:8737:C:953 165 740
961:8891:C:592 852 118 524 538
771:309:C:624 961 778 321 449 599 416 948 970
806:6144:C:198 968 390 6 344 205 788 225 710 609 207 936 78 37 603
273:8722:C:436 415 859 713 419 699 947 428 725
432:9345:C:245 251 153 341 986 994 198 900 311 858 116 109 473 3 497 203 690
659:4839:V:339 821 496 92 62 22 507 276 505 702 454 900 920 410 350 73 244 609 779 592 141 144 652 233 650 37 740
957:8090:C:98 847 603
917:7234:C:
162:2231:C:
322:8865:V:299 683 832 158 454 198 405 488 390 87 997 286 190 193 267 237 362
695:1218:C:269 415 452 490 94 0 586 611 136 938 263 317 154 650 534 748 433
587:3116:C:526
628:7501:V:652 819 69 944 456
318:1099:C:324 825 549 608 104 864 700 575 581 653
693:5846:C:172 199 837 287 239 297 382 58
618:6649:V:586 256
102:5655:V:827 143
484:46:C:537
585:7711:V:769 523 475 371
514:5185:V:
520:195:C:84 700
151:8450:C:377 811 461 893 178 858 836 768 678 425 623 606 495 625 748
866:468:C:532 675 169 48 593 764 342 196 256 58 181
289:9273:V:669 22 560 99 245 152 702 341 900 63 6 53 547 478 381
490:105:C:386 371 310
635:482:C:716 472 740
412:6058:C:870 371 822 315
522:7461:C:
126:7006:V:446 334 775 750 762 913
584:1804:C:221 337 72 728 983 917
555:4578:V:245 251 322 120 398 42 198 70 151 376 415 559 419 974 456 880
812:6562:C:374 98
417:2034:C:994 106 9 448 87 325 981 524 631 913
888:305:V:840 162 753
377:3281:C:450 116 693 932 495 531 543
551:7585:C:429 147
719:6720:C:749 501 690 455 315
148:9844:V:367 254 185 428 102 238 951 323 784
984:3597:V:192 459
830:1393:V:
379:9391:V:245 572 66 711 702 120 969 576 105 673 436 55 718 626 346 582 523 548
712:5867:C:658 448 377 811 914 859 637 149 885 79 907 935 395 947 192 75
932:9769:V:837 119 161 789 739 102 268
1:8815:C:250
251:4790:V:469 972 440 925 80 354 344 932 145 408 451 68 124 262
393:3620:V:803 741
308:5533:V:604 357 711 322 900 799 273 376 805 876 802 83 531 393 345 195 952 883
922:2151:C:
652:7818:V:881 847 345 762 476
106:1951:C:51 932 199 244 17 563 114 903 20 157 165
535:5472:C:382
266:8761:C:99 341 796 877 43 972 282 817 968 596 376 759 935 317 985 864
617:5175:C:156 783 715 490 119 852 947 729 857 847
277:6621:V:771 606 907 102 668 170
413:7589:V:263 246 910 232
152:4355:C:308 702 146 443 515 735 306 461 559 388 1 526
538:9952:C:369
863:4963:V:731 830
49:1677:C:15 123 231 890 788 163 984 694 475 77 573
597:333:V:775 764 826 125 690 217
983:3416:V:
65:378:C:961 680 707 280 114 196 982 154
320:695:V:192 154 484 250 668 930 874
194:2901:V:288 386 192 338 503
383:5122:C:634 927 230 345 389
89:8178:C:37 588 181 57
53:7133:C:374 230 668 638
58:5589:V:958
486:1383:V:820 130 170 326 958
279:7275:C:
81:4192:C:967 839 941 184 750 912 20 108 524 690
942:988:C:
448:8179:C:567 565 714 445 616 789 157 620
654:127:V:450 116 766 184 652 84 803 326
301:823:C:866 499 208 51 166 242 788 802 694 268 534 605
817:4573:V:448 461 532 23 961 778 769 520 931 424 915
54:2781:V:931 186
208:1025:V:35 123 637 297 96 60 285 389 380
634:540:V:362
185:5487:C:484 117 653
725:6117:C:595
370:4022:V:217
900:4165:C:15 759 172 305 47 984 30 293 212 667
286:7514:C:886 138 693 126 678 837 643 804 353 930 369
947:6585:C:98
174:6832:C:823 688 762
255:4850:C:
34:2524:V:268 319
226:505:C:533 650 147 323 95
341:2905:V:469 796 365 709 780 228 735 10 872 884 886 35 998 190 976 318 567 797 509 816 951 530
24:9545:C:
52:9594:C:246 188 741 952
119:948:C:947 412 371
613:999:C:737 413 254 270 261 631
134:7559:V:
406:8124:C:210 278 163 651 907 358 704 121
970:5987:C:
696:5972:V:541 659 298 645 821 289 841 669 542 470 251 989 153 572 711 877 282 906 294 15 138 736 199 710 927 441
299:916:V:969 440 387 515 622 138 730 126 927 639
850:1227:V:139
664:3559:C:497 203 927 4 937 375 180
656:15:C:428 279
276:4473:C:505 153 649 663 70 10 378 671 673 283 135 205 242 612 423 318 838 17 131 428 827 870 777 332
661:7246:C:817 229 640 283 997 15 12 354 23 277 565 699 136 664
13:1513:V:736 568 911 903 887 543
357:1475:V:663 968 105 80 811 532 133 396 790 568 392 114 599 317
902:3997:V:273 231 858 423 145 407 720 79 473 830
245:3686:C:276 702 492 901 515 671 7 452 771 705 260 733
169:9471:C:705 3 203 813
83:6281:C:742 639 332 874
788:5349:C:810 71 504 11
294:801:C:53 797 258 336 337 818 880
971:7097:V:453 706 47 88 495 125 982 237 918 888 740 970
709:8154:V:615 897 914 946 7 783 895 837 838 327 187 17 404 725 748 491 631
293:7458:C:150 861 252 34 813 41 937 58 162
967:5479:V:506 297 165
240:5956:V:337 78 359
478:3294:V:449 951 104 130 930
220:4631:C:103 862 621
280:3539:C:451 665 862 851
460:9600:V:779 584 561 497 253 465
307:6112:C:702 529 877 969 683 901 466 583 301 312 655 807 921 346 656 937 181
536:8635:C:826 82 918 564
474:3560:C:652 800 639 944
722:7495:V:
741:5316:V:929
368:4525:V:
835:8882:C:598 708 86
591:5254:C:68 489 82 917
770:7457:V:918 433
427:1968:C:309 613 786 242 935 861 233 476
36:2148:C:
196:7829:V:930 869
298:771:C:645 821 496 289 542 471 64 798 576 454 817 106 487 859 329 557
996:3952:V:134 864 519 732
172:6430:C:710 132 442 414 114 943 770 864 631 380
57:2050:C:
263:4210:V:495 915
297:6118:C:509 979 819
824:2350:C:448 695 566 606 193 643 938 124 502 32
552:3986:C:254 927 535
887:981:C:257
811:3979:V:893 55 450 190 859 837 149 597 413 558 429
228:6343:C:301 761 613 614 797 717 889 506 40 679 303 716 498
802:5789:V:854 395 987 246 393 844 188 186 139 326
497:7804:V:20
376:9696:C:919 40 302 437 168
965:2071:V:377 590 532 511 923 591 871 203 41 534 741 285
837:5099:C:889 136 941 160
940:26:C:791 326
345:9966:V:638
794:6338:C:64 798 470 251 492 683 687 576 640 105 488 434 673 35 654 172 562 839 442 403 88 72 750 232
688:162:C:716 931
88:349:V:882 863 851
157:4686:V:176 512
122:5822:V:267 248 188 522 855
110:3077:C:680 200 563 392 558 118 912 188 928 803 36
167:5226:C:618 746 433
622:4670:C:744 839 154 598 270
394:9971:V:
674:6472:V:
756:6569:C:815
142:5740:V:764 962 371 257
611:9840:V:585 894 739 830 237 476
188:5061:V:130 389
304:456:V:779 839 554 196 950 34 784 864 756
977:4692:V:567 204 589 275 222 262 619 939 880
430:215:C:201 407 314 31 603 41 698 896 180
213312
232092
212899
242468
27584
211712
218933
202496
220149
29394
195235
196264
207176
217379
220311
28095
192657
191220
36104
215905
235265
215207
200674
222273
194804
243490
233434
240028
221098
205630
199344
235822
243593
214060
246217
202463
216150
190377
225904
244980
28922
209760
206529
238460
226813
186395
223946
227935
2622
211542
235178
37301
222555
217261
207166
209310
219874
201007
186821
202149
225428
211215
11069
205311
40284
59567
188429
229130
218120
235298
189698
206907
205793
216321
224482
224495
229936
245033
191837
205771
242146
222151
237643
187700
225561
187669
196158
206918
195576
221602
204223
199204
201163
204145
240104
230716
209632
236821
208322
207989
