678.0085850068987
777.0351065460677
452.9697738321708
849.6627318718381
70.52794702919734
612.7548673923042
975.7780162501916
53.14690240552248
838.7015177065767
786.1796719300935
922.8039245745822
374.3172134521465
574.5439215085083
797.5164801471716
733.6731565230722
922.1523838724513
599.9003525984976
666.6871071592825
205.36752016342058
503.8102548698951
158.68347832212166
746.6656446420359
324.3760129659643
798.6202667484287
798.7582400735857
997.0105779549287
640.7174612908171
400.77206332254224
801.5560325003833
956.4464203587306
818.534416679442
733.052276559865
702.8284531657213
570.5886861873371
65.08646497376114
929.380653073739
606.7990188563545
954.8137360110379
511.0970196575777
868.9483366549134
666.6794419745515
763.8433236240993
608.1787521079258
607.2282692012877
160.99038495403795
249.32201598985665
732.1784455005366
452.12428662016487
938.7705043691553
560.0837628865979
705.7028974398283
861.8427104093208
815.958914609842
330.8103727714749
656.6227196075425
331.1993517017828
700.3985896060095
848.9805304307833
948.7965659972406
196.12228366146587
399.03658957158274
866.1505442281159
702.1539169093975
621.1022535643109
795.0022995554193
451.51242087463424
708.7459757780163
895.362563237774
415.1787204218536
147.71246433980207
963.9123102866779
978.3841790587153
788.8011651080791
891.844243446267
758.0484439674997
362.8252622679082
973.0798712248965
3.6452646779135702
396.72262457030337
850.9351525371761
441.94506558088307
675.4177525678369
285.78606158833065
33.86398055858838
219.43788962068115
364.7276084949215
799.3407941131381
274.2787682333874
402.0847934674988
678.591139046451
419.2170343423556
935.2521845776483
531.4026044492675
274.19773095623987
723.5321171240226
619.1399662731872
957.2359343860187
837.6053962900506
131.70499771070334
933.1212632224436
