560.580690532802
858.5517471311343
553.6653159639663
962.5316863876175
Impossible
533.7898931716956
654.7001105120391
379.4749003717223
675.0611165064801
Impossible
257.89491309735104
275.1247446502127
457.8379826529587
628.6795485750645
677.7736847392921
Impossible
201.28530862352414
158.33208787924076
Impossible
603.9985265061451
892.6769985265807
592.3110411573624
348.96687987676233
710.6259000033489
250.678142058203
971.6860293261436
872.9848033469203
940.6759165539542
690.9514081912863
431.9513747027896
326.6970295703426
898.6674696981104
972.6086294461712
573.1053882991192
996.112539300078
378.92234017614953
608.1008673520646
133.13406067852338
771.4242657647098
985.0323805770281
Impossible
501.10512039114565
447.00445397006126
926.63089725101
786.6447875154885
1.677509103555501
738.6390274940558
805.1821577955874
Impossible
530.943370952078
891.7413234961981
Impossible
715.3477780382439
626.7037272696829
457.6705401694518
493.57020863333446
670.4564482100399
354.5427145775426
19.107237838059
373.66464619403234
763.4540035497806
525.4680017414018
Impossible
426.609959478919
Impossible
Impossible
74.90659094305784
824.2600338452696
641.0870366029269
893.0319097450017
112.83814078613062
453.3337798466227
434.6806871839523
610.9641338200329
747.6139446100265
747.8316198385854
835.3642141942978
985.50711656112
176.77477208190106
434.31231372023706
959.6474413521914
708.5831017045645
918.2521160237038
53.11612613959049
765.6809885804226
52.189508294724256
273.34985432503936
453.5179665784803
263.6047017849369
699.3905093600348
408.39221727336655
324.35283480124576
357.15481732025046
407.0861659020127
941.3566700405765
843.7530248115206
498.9618566022571
909.4116002193997
477.0268912628512
471.4510565620709
