451.25666412795124
468.58339680121856
324.63823305407465
510.2817974105103
903.9583074823179
366.7174409748667
909.5421268147413
455.06473724295506
846.6310956694379
321.972581873572
911.6515696736568
887.7031889812632
119.52861952861953
284.84386900228486
3.206270039187745
755.7121096725057
513.3282559025133
360.05331302361003
293.41203351104343
772.4676313785225
811.3909914381437
415.46077684691545
238.95658796648897
244.2878903274943
248.85757806549887
888.0754436034248
523.4196496572733
95.39842873176207
855.9374612234768
710.7768469154607
592.1553693830922
333.01599390708304
418.8880426504189
948.5047772676511
785.6054836252856
380.997715156131
314.73724295506474
490.2894135567403
529.1317593297791
783.8918507235339
499.8095963442498
433.9299314546839
89.78675645342312
417.1744097486672
583.2063975628332
969.72329073086
167.22783389450058
917.1113041320264
219.91622239146992
377.951256664128
245.43031226199543
907.5567688298796
660.7006854531608
864.1270629110312
990.693634445961
924.4323117012036
265.4226961157654
497.7151561309977
605.4836252856055
381.18811881188117
737.4333587204874
745.049504950495
813.9967737932747
11.75632347702173
109.70819304152637
834.8430326343218
801.7897943640518
650.03808073115
803.8842345773039
702.7798933739527
