1000
442:8527:C:513 811 146 426 843 481
384:6457:V:44 709 317 948
742:2842:C:274 574 973 403 581 804 230 227 189 643 970
187:8931:V:445 851
856:5004:C:
498:7036:C:
250:622:C:107 860
381:533:V:182 634 588 647 843
563:1698:V:350 646 186 744 675 608 214 709
347:4379:V:286
202:3964:C:243
791:8333:C:
770:3297:C:674 102 383 45 745
304:8294:V:240 61
814:6070:V:651 439 123 998
387:702:V:398 488 665 136
629:3829:V:
907:8743:C:20
811:7002:C:326 915 706 506
87:5342:V:
97:4085:C:896 49 773 669 826 862 467 953 590
291:8888:V:
570:2763:V:26 181
951:9635:V:705 827 42 768 309 463 114 253 921 992 263 884 635 485
600:6058:C:222
451:7193:C:825 990 440
236:5181:V:778 362 71 218 303 559 207 748 100 908 251 186 48 221 102 861 542 81 687
288:7838:V:685 174 38 456 604 256 0 744 739 682 985 583 873 131 871 649 548 587
133:4058:C:
974:1181:C:262 342 905 932 567 511 143 176 573 928 841 156 596 249 805 550 152 753 312 756 984 238 80 503 19 208 74 170 612 451 526 858 547 665 270 619
633:3418:V:900 226 965 625 493
43:8495:C:
139:7525:V:
820:3359:C:
170:3852:C:180 963 526 383 436 35 752 307 347 7 344
9:317:C:120 570
111:2408:C:844 128 919
306:3790:C:68 620
199:4114:C:624 235 434 366 292 728 631 35 678 488
571:6776:V:663 333 381
358:377:C:526 724 87 635 532 139
48:2196:V:902 903 749 140 171 890 400 246 49 666 553
832:1203:C:
137:7895:C:
840:8589:C:950 76 436 714 871 159 399
535:4749:C:
848:5201:V:747 753 660 552 491 197 379 55 728 524 426 657 798
327:7447:V:46 239
482:1464:V:724 175 121 798
450:4773:C:328 190 664 670 260 919
207:9571:V:941 12 924 74 775 723 618
657:8956:V:
880:7657:C:219 577 450 552 701 53 144 39 248 790 123 792
652:3758:C:208 931 921 534 339 611 387 247 102 183 826
125:708:C:137
120:6122:C:993 828 689 254 419 692 969
607:6359:V:991 463 707 474 902 981 502 496 454 94
626:3363:C:966
192:5262:V:719 179 463 113 777 720 644 785
671:1142:C:344
932:1837:V:511 955 290 928 989 841 185 370 371 596 847 25 778 2 393 179 365 926 941 507 59 364 814 761 597 704 632 376 722 842 359
477:1858:V:587
786:4023:C:746 81 173 647 386 619 420
935:5063:V:692
136:2918:C:532 404
605:5158:V:
264:4099:V:
254:8225:C:
427:9632:V:498 909 918
887:4579:C:635 32
622:9256:C:212 131 293 216 359
808:9427:C:813 878 600
927:3510:C:880 579 362 991 756 390 464 504 817 19 612 97 400 978 164 396
785:6645:C:56 666 977
100:2779:V:178 478 170 769 612 808 149 351 212 999 819
968:6098:V:935 429 227 606
638:2325:V:282 208 442 231 161 465 897 697 471 420
456:686:C:500 66 503 507 319 405 221 140 248
842:4438:V:270 62 792
970:8320:C:
615:6600:C:395
150:5884:C:578 830 970
289:4835:V:367 900 677 832
151:88:V:714 605
200:7407:C:248 622 720 949 458 900 183 101 828 293 191 888
328:7837:V:586 324 505 498 255 131 531 134
423:4805:V:437 399
35:3841:C:855 650
388:4905:C:148 750 236 288 685 550 521 218 380 827 303 259 66 225 443 59 193 282 330 868 614
901:8379:V:348
500:435:V:479 337 866 251 680 72 959 558 549 87
829:2683:C:572 368 594
827:4945:C:303 207 256 201 540 319 462 422 418 72 274 934 299 865 802 816 689
680:9616:C:186 287 716 543 153 23 387 306 884 333 28 433 605
374:6694:C:
765:7246:C:882 410 497 381 35 862
425:4587:V:
771:2434:C:770 545 21 759
88:3210:C:54 572 535
109:5291:C:859 56 128 244
720:1960:V:403 280 542 404 163
171:8264:V:523 914
862:8233:C:851 196
806:3927:C:169 60 667 120 873 205 631 527 537 344 417 953 480
341:3232:V:893 619
722:1734:V:126 782 488 760
955:6217:C:185 156 346 148 596 236 460 880 401 209 432 362 719 207 604 66 817 193 902 283 63 221 555 51 131 602 446 36 15
695:7576:V:943
478:2893:V:453 373 873 978 387 419 603 495 417
319:9387:C:566 416 944 796 758 280 688
333:9457:C:970
335:8226:C:630 614
534:5041:V:720 483 280
159:8377:C:43
233:3750:C:77 904 800
885:1590:C:207 100 41 817 284 904 631 802 43
106:9886:C:
101:1614:V:222
112:8421:V:726 934 508
63:6323:V:769 626 515 956 61 594
453:8999:C:194 828 603
439:3707:V:320 930
782:6705:V:819
167:7316:C:
651:8790:V:765 964 94 250 797 196
346:7671:V:148 272 847 380 413 393 756 66 476 238 407 350 840 194 838 978 497 454 247 766 568 62
472:7660:V:261 849 679 686 885 71 218 693 651 728 326 226
447:8456:C:
943:5777:V:
531:4420:C:647 167
215:6125:V:289 994 920 311 584 907 792 915 196
566:6197:V:664 197 283 92 274 644 345 846 461 45
912:3712:C:234 720 616 774 764 361 593 532 798 557
390:8194:C:17 177 786 101 226 257 277
386:7877:V:
313:6105:C:847 645 288 911 71 563 210 767 178 144 55 808 149 120 489 975 333 585
741:5834:C:674 85 146 361 106 395
903:6891:C:339 762 376 332 183
119:5823:V:319 566 664 757 912 367 868 448
398:5704:C:70 883 862 481
114:6179:V:266 292 212 526 968 175 31 378
134:2656:V:
929:1000:C:
831:5679:C:359 857
77:1702:C:422 289 583 140 520 933 387 787
729:2152:V:
214:6810:V:635 506
669:9880:V:163
963:3968:V:75 403 764 918 139
45:8981:V:404
181:4657:V:860 546 942
47:8025:V:561 127
810:697:C:119 670 224 83 211 333 514
670:5824:V:771 363 63 644 111 182 634 123 893 695
330:8747:C:461 587 395 31
180:8322:V:252 194 149 60 85 35 831 860
54:6371:C:548
419:8266:V:270 915 532 609
953:3443:V:
163:6840:V:
764:8858:C:697
586:4801:V:540 379 569 595 149 593 399
459:2829:V:332 323 4 998 759
984:1572:V:256 40 190 8 177 366 771 135 578 792
661:2892:V:491 466 662 119 77 356 574 706 64 273 914
737:276:V:
874:2180:V:13
127:9047:V:
631:8363:C:436 297 572 159
421:5574:V:201 784 119 961 963 494 47 241
640:806:V:606
967:8297:C:521 719 38 827 756 256 701 84 434 292 906 762 331 246 633 26 384 73 141 133
261:8553:V:845 686 113 638 651 904 439
476:8396:C:114 926 394 253 350 821 980 283 200 509 247 99
220:6690:V:513 813 482 729 798 888
894:3691:V:213 474 153 922 994 333 514 887
830:1098:C:818 277 600 629
31:8430:C:
641:5976:C:654
677:8755:C:307 792 417
698:2437:C:
432:5339:V:521 719 42 217 463 566 442 72 786 897 581 692 532 706
473:4829:C:878
774:6830:C:488 495 493 163
212:8967:C:830 173 189 649 133
687:9604:V:
748:5624:C:991 624 235 740 171 520 830 226 714
696:5328:C:113 314 717 248 935 349 691 480
188:4245:C:538 873 975
295:2469:C:637 227 792 322
645:552:V:362 679 835 951 40 201 242 789 59 478 294 150 529 514 531 320 855 484
800:9106:V:966 919 915 779 688
76:515:C:101 610 828 244 307 46 243
397:1016:V:120 834 384 389 839 606
878:4760:V:578 531 956 669 561 649
491:5230:V:866 757 208 55 838 509 633 384 689 782 593
224:6427:C:194 591 97 667 372 561 600 45 648
104:5788:C:21 441 954 386 648 506 731 481 243
351:3558:V:326 802 430 471
154:1686:V:
610:3387:V:
479:7859:C:772 80 194 667 411 482 465 28 430 855 647 334 395
950:5757:V:400 996 844
357:2458:C:
732:3429:V:779 417 99 65
503:9843:V:119 744 583 891 326 785 250 776
998:7765:V:317 970
792:4783:V:946 385 609
505:4781:V:452 294 92 224 440 918 630
392:8848:V:373 663 883 678 692
931:1738:C:903 140 713 704 963 247 884 276 88 129 824 310
977:3820:C:599
353:5889:V:341 723 792
147:7911:V:550 71 210 827 412 256 466 894 197 77 716 363 92 153 583 882 846 830 602 630 937
991:1210:C:479 238 112 253 356 91 322
363:4816:C:534 91 651 248 416 382 542 572 352 930
464:7409:C:53 664 363 284 595 889 130 746
747:1928:V:380 767 592 923 815 40 466 162 762 889 318 82 385 378
905:800:V:511 928 841 721 156 388 313 892 645 288 685 210 393 138 254
144:9411:C:718 520 788 1 918 899
986:2535:V:27 587
115:2080:C:521 145 98 835 192 923 337 652 992 906 240 897 28 428 81 965
480:3653:C:
834:2122:V:925 598
735:8076:C:
227:6974:V:
619:7511:C:
703:1935:C:704 157 296 403 369
308:3344:V:857
191:1496:C:914 437
750:8681:V:849 288 174 753 885 951 763 207 217 507 742 138 749 200 373 676 741 523 336 539 593 943
684:8913:C:55 124 52 735 914
819:7229:C:
557:4276:V:
623:1480:V:915 687
455:7839:C:
847:2287:V:845 432 607 40 112 53 894 96 945 613 254 590
813:1958:V:613 47 987 203 227 609
926:1596:C:405 424 931 391 994 633 536 996 822 420 437
84:4292:C:921 720 205 893 320 21 972
197:1430:V:902 775 194 790 384 323 868 62 855 110
486:7178:C:135 146 494 822 956 348 446 485
644:7291:C:812 568 426 737 629 605
183:3103:C:141
693:5720:V:821 356 770 57 944 968 117 326 104 298 506 484
318:7022:V:23 873 616 5 602 423 298
465:8723:V:336 70 914 374
39:3844:V:95 900 126 488 173 506
920:6710:V:723 425
876:6342:V:
206:8369:C:902 221 397 357 851
53:4764:V:235 113 0 958 821 770 612 949 976 336 709 842
824:9689:V:868 856
683:6340:V:727 852 914 163
519:7869:V:
471:9512:C:598 222
549:778:C:760 467 647
779:2622:C:
611:9179:C:681 160 844 487
242:1207:V:405 771 343 76 839 195 832 712
129:3670:C:782
157:3151:C:790 877 764 159
82:5514:C:492 729 191 917 43 406
857:6471:V:
169:5018:V:97 788 527 936 855 67
90:6030:C:36
879:7783:C:811 850 134 697
944:1295:C:296 526 383 580 556
736:571:V:155
911:2294:C:672 563 827 763 500 112 80 670 314 980 212 975 655 419 222
888:6260:V:
205:5315:V:829 293 581
428:6631:V:182 250 954 779 535
627:2513:V:893 372 999
706:1361:V:
454:4480:C:369 828 850 599
342:1805:V:905 511 176 955 989 841 185 156 388 249 460 401 98 719 540 628 350 74 408 14 411 952 878 655 804 982 876 139
449:460:V:303 207 253 664 924 379 490 985 950 83 578 709 764
512:925:V:
405:2627:C:325 958 513 531 868 561 917 43
578:7762:C:788 191 700 706 851
725:1919:V:438 524 132 887 899
569:6011:V:613 109 128 839
487:8979:V:
900:773:V:232
213:7128:V:543 794 172 483 536 936 998 477 310
815:2799:C:256 355 16 503 233 119 560 980 363 651 636 411 182 35
51:4324:V:202 495
637:5454:V:341 359
595:4735:V:520 118 306 897 829 699 537 598
838:8161:V:428 381 824 734
248:9303:C:636 331 482 846 783 779 417 222
148:4873:V:892 596 249 236 25 401 98 951 207 552 413 198 991 40 503 696 924 673 170 400 812 333 658 977 423 562
27:4963:C:886
673:8040:V:992 247 183 111 850 293 349 692 874 106
789:5974:C:566 664 289 994 949 702 161 839 385
864:2220:V:947
858:774:V:230 22
799:9804:V:319 165 186 717 246 343 183 51 317 609
768:3470:C:756 604 112 941 16 319 197 208 980 135 889 576 332 326 245 467 712
993:5199:V:708 70 241 64
321:4629:C:
172:8425:V:373 3 746 648 36
711:7196:C:574 161 473 436 182 883 751 501
994:1184:C:164 94 901 754 942 618
79:3868:C:655 913 852 308
653:160:C:975 398 689 467
173:4520:V:244 270 533
656:2000:V:100 931 442 716 422 770 30 200 453 120 304 963 708 389 649
367:3948:V:694 836
946:3782:V:
634:5574:V:307
175:2584:C:
839:4624:C:27 495
889:5024:V:331 959 512
713:8933:V:411 790 502 75 788 87 856
495:6569:C:
468:5274:C:510 811 834 918 493 239
533:8221:V:925 614 29 759
393:7068:V:941 624 434 350 638 0 794 120 720 681 85 764
868:606:V:34 746 368 239
204:6517:V:946
484:3990:V:
332:1202:V:544 960
44:6270:V:129 447
238:6405:V:168 356 215 749 93 510 157 161 536 786 530 800 856
305:854:V:614
583:3489:C:765 497 473 884 111 129 666 629
938:7631:C:750 236 550 457 432 679 145 686 672 218 565 42 551 48 260 796 754 887 501 871 155
609:8783:V:
947:4240:V:35 929
710:8337:V:460 209 685 457 432 679 607 190 84 924 96 72 674 128 875
504:3271:V:251 59 205 351 975 94 568 245 90
507:1322:C:251 252 574 655 183 977 625 20 127
760:1365:C:862 257 930
701:6894:V:114 100 84 405 505 513 172 825 896 589 102 126 844 360 643 257 969
973:4284:C:544 160 241 20 139 605 795
664:5110:C:543 60 713 839 999
56:9317:V:
715:5780:V:137
898:9673:C:70 52 824 665 965
182:6582:C:678 826 585 334
412:7857:V:40 941 8 235 414 639 171 318 964 494 588
343:6002:C:878 51 203 819 399
296:5002:C:332 631 643 257 46 67
408:7390:C:770 904 882 574 263 183 766 816 972 481
709:2867:C:
475:2553:V:603 137
33:4621:C:637 671 554
738:7124:V:123 936 273 155
440:532:C:
245:7001:C:861 826 917 688
409:6840:V:
22:1024:V:
5:2470:V:428 159
156:7085:V:261 848 267 152 259 991 756 80 188 904 575 248 961 681 240 111 603 68
754:2438:V:548 629
860:8623:C:982
602:2744:V:665
601:6909:C:786 501
550:9321:V:686 911 71 984 66 100 392 48 405 684 777 863 576 83 653 18
110:5159:C:133
230:2910:V:136
81:9739:C:202
893:2280:C:
201:3242:V:624 680 716 170 636 146 752 649 605
995:224:V:629 106
625:6513:V:273 641
717:4004:V:356 655 389 527 532
572:3437:C:
529:7342:C:496 240 18 887
852:546:C:915 386
718:4257:C:14 502 82 381 568 947 803 943
337:3740:C:228 392 364 294 416 949
992:2559:C:363 689 361 277 404
518:2325:C:979 10 190 740 427 785
843:432:V:
526:4483:V:18 389 758 998 688
552:898:V:114 541 503 670 468 408 904 882 591 125 128 935 202 856
590:325:C:
983:7112:C:292 389 433 850 727 700 307 629 605
85:6532:C:549 277 619
404:3533:C:484
178:1406:V:16 924 980 234 575 410 195 946
83:1332:V:79 968 537 515 426
348:2921:V:417
211:1174:C:28 837 522 860 90 396
142:6254:C:747 753 412 53 201 407 757 0 509 250 488 982 352 137
433:7291:V:886
985:8364:C:636 400 118 802 846 758
340:1343:V:275
307:1163:C:
385:9257:V:853
682:8160:C:389 360 727 87 437 795
67:2179:V:133
396:1612:C:
697:873:V:385 517 493 481
724:1670:C:758 245 187 694 68 609 687
259:8867:C:217 256 199 507 784 379 151 878 738 126 818 593
685:7948:V:550 457 967 71 661 551 984 726 23 439 426 159 431
28:2554:V:13
41:9952:C:190 696 507 784 323 433 275
223:4829:V:
537:5751:C:181 736 154
49:9902:V:526
598:9156:C:
756:33:V:74 741 844 956 368 687 759 480
708:5829:V:369 858 51 426 136
235:9860:V:233 319 292 717 302 761 92 770 63 651 58 289 922 453 520 510 570 498 184 865 830 917
758:5629:V:692 485
383:2882:V:471
196:212:V:
956:3984:C:
496:601:C:250 836 110 99 239
753:6080:C:951 552 198 217 866 693 113 208 363 510 285 886
942:317:C:
916:1735:C:444 227
73:7741:C:798
501:1147:V:
573:4904:C:290 928 841 313 236 219 288 174 672 413 166 962 491 41 894 673 543 120 811 14 959 933 536 336 826 969
15:250:V:
630:1828:V:506 606
705:6576:C:259 604 238 743 80 728 221 896 898 255 18 429 986 857
757:5282:V:59 462 717 169 520 331 529 465 117 544
66:8331:C:238 772 84 693 814 294 934 816 824 187 329
494:4296:C:683 440 512
17:6474:V:144 452 626 524 368
821:1271:C:252 79 354 477
989:3869:V:156 313 596 272 710 460 835 210 413 768 991 233 364 363 486 161 469 473 783 746 599
801:2373:V:298
577:2915:C:753 210 413 923 53 100 414 900 578 320 635
584:9244:V:116 275 557
961:6626:V:416 509 79 383 359 650
744:9340:C:468 993 348
659:7036:V:532
436:39:V:311 34 665 134 623 352 535 133
286:3719:C:
203:4590:V:
752:7712:C:603 517 481
837:6130:V:887
380:5977:V:827 541 743 507 144 103 422 30 806 575 498 859 966 136 899 487
234:6133:C:246 754 694 90
272:722:C:805 847 218 607 179 40 112 266 251 220 283 356 14 161 834 708 855 431
536:6852:C:134 614 606
890:4982:V:93 681 741 258
193:1111:C:422 416 613 702 790 343 211 85 494 630 275
303:6868:C:756 984 66 337 670 891 397 18 828 556
606:7787:V:
581:9266:C:297 614 587
551:5472:V:463 220 560 595 331 343 796 568 867 874 13
579:5133:C:457 552 10 301 799 119 96 206 260 957 169 232 868
723:9708:C:471 417
714:1453:V:548
691:5691:V:
658:4812:V:104 734 13
89:4624:C:209 753 705 218 592 66 926 628 696 165 350 414 324 513 221 240 514 426 181
516:7956:C:89 401 362 98 38 210 259 412 768 984 66 112 726 434 186 931 980 636 944 544 758 230 385
665:2261:C:437 484
391:9988:C:339 79 51
514:3499:V:321 557
731:6397:V:
128:7592:C:626 21 196
228:5620:C:664 670 894 769 230 270 554 196
899:330:C:
962:5644:V:466 253 418 118 846 874
336:2106:C:52 969 590 605 154
844:5937:V:338
608:1179:C:489 304 869 384 828 254 295 887 270 372 45
350:971:V:638 281 287 478 138 248 60 978 968 160 666 642 137 155
161:7161:V:124 858 353 68
755:2899:C:546
562:6862:C:856
490:3331:C:704 118 545 916 837
545:4124:V:117 658 494 310 493 484
325:6738:C:794 724 522 471
999:3161:C:446
379:1173:C:77 92 356 72 513 510 400 818 322
105:2047:C:
517:2961:C:
833:7084:C:679 142 705 201 394 405 162 713 85 384 842 195 948
80:3625:V:165 673 452 725 581 615 484
726:2:C:690 636 469 205 549 965 273
759:1862:V:
3:5851:C:
850:1816:C:426 907 104 862 619 585 484
354:1572:V:105
437:2226:C:
492:2028:V:34 773
46:9731:V:
93:5895:V:636 183 18 360 250
463:7753:V:693 9 894 364 821 418 933 293 191 615 257 855 593 298 216
256:5054:V:66 235 287 891 221 14 321 159 598
372:6834:C:
12:721:V:931 289 68 36
739:7798:C:716 468 904 576 318 785 539 977
298:4837:C:
355:7866:V:624 170 980 91 879 224 653 585
639:8228:V:958 206 490 651 978 151 865 858 203
908:2869:V:443 810 906 901 360 602 965 925
253:578:V:48 636 801 782 615
918:6118:C:61
773:2012:V:647
99:7897:C:
769:9940:V:28 52 861 417
617:7768:V:148 236 209 686 563 756 500 701 789 814 215 575 754 729 229 163
373:8999:C:655 658 182 360
162:7697:V:902 978 376 897 537 132 134 386
978:7162:V:898 589 738 700 273 853 43
636:8648:C:331 884 508 307 917 953 481 378
339:8599:V:173 752
375:2936:C:439 993 633 846 52 630 795
826:8969:C:871 587 431
515:6064:C:824
616:4720:C:722 187 773
457:7476:C:267 380 303 763 767 413 983 491 53 8 253 233 680 284 769 75 824 637 419 700 937
37:4955:C:843
174:2941:C:911 661 303 259 2 500 652 576 469 205 82 900 211 555 381 438
733:4875:C:44 776
846:3677:C:
589:8229:C:255 382 467 874 856
326:1248:V:857
344:6373:V:
252:1229:V:509 458 702 861 839 723 99 759
599:6564:C:139 930
377:5515:V:656 9 379 284 583 231 704 933 376 117 996 226 956
513:356:V:194 733 118 403 568 499 977 203 477 136
78:6915:C:
816:3774:V:160 695 506 731 13
954:6714:C:
542:6092:C:320 7 712 139 437
91:1552:C:135 854 97 82 663 918 110 106 404 487
293:382:C:556 999 650
613:7342:V:387 494 131 280 475 471 735 970 99
149:7195:V:636 944 626
61:7599:V:7 46 487
485:9105:V:
168:8669:C:418 598
877:6518:V:859 129 321
796:11:V:297 348 700
113:9861:V:664 405 158 611 164 870 18 488 874
762:5964:V:890 161 766 167 605 594
164:111:V:935 501 712
727:7120:V:35 353 340
55:1225:V:91 612 794 977 795
68:4037:C:
424:6323:C:324 569 304 1 492 419 222 455
338:2160:C:352 881
141:3612:C:368 853 239
382:7488:C:297 448
919:6058:V:495
124:1256:V:369 136
365:78:C:743 233 664 392 92 583 458 343 1 791 61
462:3640:C:740 153 194 837 875 99 163
508:7053:V:524 697
143:3265:C:176 185 388 313 617 148 750 880 401 219 209 115 288 457 747 16 19 96 980 408 330 620
823:223:V:311 527 123
845:502:C:236 25 401 219 967 145 470 312 672 210 559 450 518 217 680 560 153 39 318 125 549 871 317 843 557
69:2738:V:133
249:7374:C:272 849 236 25 460 679 380 767 479 466 100 16 6 170 840 554
969:2772:V:99 406
315:810:C:84 284 502 796 469 123 943 930
702:8522:C:212
597:5830:C:613 956 868
226:8825:V:244 467 948 562
582:1864:V:
135:3070:V:890 811 790 653 403 663 128 982 914 899
30:378:V:76 631 182 437 487
389:9253:V:62
445:5531:C:
290:3145:C:928 989 185 617 209 145 559 552 540 452 595 725 28 580 88 250 341
863:6989:C:483 897 857
776:991:V:557
940:2558:V:790 124 547 524 445
323:3129:C:948 594
506:1565:C:
20:1306:C:334
886:2856:C:31
497:9327:V:669
895:1124:C:919
225:5654:C:407 287 497 438 323 245 861 706 517 982 334
712:3416:C:
317:5039:V:
185:4785:V:148 371 596 249 805 750 845 927 147 460 362 470 686 923 479 238 941 392 186 621 769 416 28 584 853
251:6305:V:48 314 931 505 14 663 627 382 709 51 426 322 15
314:4827:C:452 58 825 993 630
403:5538:C:824 230 344 535 650
410:9703:C:375 118 85 729 603 386 137 594
103:699:V:468 651 873 631 850 232 868 222 857
941:2760:C:394 350 197 186 716 902 749 934 49 755 599
635:7420:C:
294:4539:V:150 583 878 254 348 344
42:6376:C:198 604 652 8 208 234 246 14 720 529 240 655 602 842
418:5907:V:513 808 838 95 953 43
553:8107:V:
300:5644:V:
663:4757:V:884 722 734
194:2883:C:934 947 52 175 635 32
704:1494:V:76 403 47 709 887 386 914
580:998:C:204 81 181 599
990:3425:C:785 275
546:6984:V:
721:4822:C:249 236 457 362 810 113 414 894 282 740 890 536 655 860 285 222
763:8837:C:607 491 328 225 414 58 904 465 117 688
841:3584:V:156 892 272 750 25 577 253 284 509 677 398 966 548 493 167
678:7648:C:893 501
400:4150:C:164 993 920 360 372 181
871:9014:V:46 493
767:4840:C:238 114 225 6 670 934 813 151 633 454 982
322:978:C:447 139 31 67
612:9792:V:150 224 934 909 323 70 818 223 603
948:9317:V:485
620:509:C:
822:9287:V:226 348 893
628:249:V:366 197 172 343 85 436 861 587
273:9390:C:
108:9140:V:628 96 742 408 274 49 291 557
761:8288:V:906 339 410 353
859:1639:C:689 860 237
585:3611:C:
499:7681:C:104 467 493 163 857 67
548:7389:C:843
274:7167:V:23 482 151 909 389 758 669 732 659 517 46 609
654:8761:V:
975:3932:V:435 280 844 69
554:5353:C:167 222 506
247:1914:V:276 254
243:5784:V:
778:1887:V:174 911 96 363 97 601 536 589 499 341 548
539:9356:V:698 535
349:7374:C:230 587
237:4768:C:
632:1491:C:545 245 27 300 820
854:6644:C:465 26 182 62 78 273
370:1571:C:156 847 25 460 115 174 362 145 559 479 53 10 443 19 414 638 74 453 333 494 104
417:8996:C:535
320:3548:V:237
921:5878:V:260 240 916 436 956
166:2219:C:507 414 324 770 118 589 70 433 354 81 229
218:4315:C:559 748 179 337 743 6 726 170 157 75 28 995
591:2315:V:60 97 52 349 277 159
158:6903:V:622 164 357 387 124 330 348
86:6768:V:75 631 658 990 64 731
132:1062:V:32 285
10:8709:C:810 162 924 478 742 902 490 149 529 245 965
38:7092:C:380 207 413 179 225 624 503 693 784 921 906 762 39 149 183 561 7 953 31
559:8653:V:748 541 656 772 84 59 569 58 140 523 965
740:1784:V:957 626
532:9311:C:32 265
915:532:C:
524:3970:C:501 723 953
284:819:C:794 703 681 126 175 105 554 960 875
329:2266:C:
817:7533:V:379 728 900 268 436 568 634 230 548 599 535
734:9926:V:
416:2913:C:
527:5421:V:585 36
126:9096:C:81 948
0:6627:V:284 949 741 51 936 495 139
805:7960:C:849 25 460 432 521 911 412 217 756 337 958 522 275
297:3698:V:141
568:3180:V:783 348 13
324:8123:V:278 453 949 653 709 602 132 634 625
292:1938:V:282 882 529 884 423 354 588 807
269:6115:C:
707:5183:C:318 247 102 599
525:2447:C:430 764 998 871
781:9010:C:16 190 177 673 814 468 775 612 981 161 858 602 322 917
434:3195:C:319 197 684 560 138 381 724 822 678 107
431:2154:V:590
538:4245:C:351 127 417
966:7455:V:
40:3702:C:10 628 8 19 233 274 221 794 754 419 598 776
229:7520:C:321 399
65:5036:V:594
783:9215:V:517 585
646:2775:C:690 324 814 92 39 97 959 343 589 631 50 81 229 269
574:3016:C:520 214 117 70 440 141 347 600
621:2942:V:289 713 331 14 469 351 285
263:5566:C:633 738 634 868 787 275
523:9113:C:230 372 640
260:8069:V:692 495 712 484
795:8889:C:481
922:4850:V:950 263 973 751 614
117:3906:V:124 78 629 45
241:8950:C:
23:6639:C:306 384
470:7130:V:885 207 479 242 817 702 850
603:6478:C:730 406
870:8506:C:774 802 554
960:144:V:431
489:601:V:384 802 708 683 874 553
278:3366:V:85 637 752 619 286 404
1:3717:C:855 264 154
917:9495:C:
429:4019:V:818 353 227
210:8172:C:303 592 701 566 251 364 478 771 882 200 574 571 920 423 139 275
643:2548:C:562
394:4746:V:414 48 718 58 486 250 752 723 361 836
145:1:C:835 672 660 38 661 559 607 500 941 740 780 765 889 570 333 669 477
804:5727:V:
979:5063:C:541 279 941 314 673 391 248 416 616 332 428 678 999 241
555:4217:V:822 322 715
488:6011:V:593
692:8226:V:265
604:7228:C:40 201 190 696 253 113 452 55 289 140 318 509 949 738 858 514 70 223 229 737
265:5681:C:
461:8468:V:779
275:8707:C:
75:6937:V:336 320 630 969
775:9505:C:882 453 578 515 291
123:2780:V:548 914
378:8069:V:
155:1924:V:
95:3888:V:589 26 774 830 549 137
32:8352:V:
345:9486:V:626
812:381:V:878 382 323 494 310 779 970 943
749:4418:C:811 940 323 512 159 930
287:4383:V:263 968 306 326 568 203
420:146:V:
851:1180:C:
257:5107:C:317
988:6555:V:286 359 99 736 31
866:3344:V:908 696 638 595 611 49 492 792
301:8927:C:165 391 339 613 75 102 844 729 773
957:1361:V:387 438 131
361:9029:V:347 970
217:1422:C:464 541 59 638 924 707 543 883 791 353 32 600 239 857
674:1928:V:973 865 647 105 141
271:8938:V:758 360 965 600
8:5212:V:726 92 224 221 978 465 836
528:2149:V:991 979 817 814 194 23 873 834 254 492 917 609
667:9148:V:23 212 708 727 634 385 759
883:2371:V:842 620
280:5503:V:33
614:7034:V:
790:9172:V:122 495 437 606
980:2074:C:509 459 539 175 524 942
102:783:C:581
728:6474:V:135 825 758 386
502:4914:C:351 297 501 843
414:1888:V:96 569 902 339 811 482 205 445 141
675:4005:V:900 306 895 137
176:1784:V:955 928 185 805 847 267 470 449 71 661 337 505 793 140 545 24 631 436 677 428 134 181 876 417
520:6541:V:82 26 369 819 759
118:7057:C:580 226
952:302:C:321
57:7470:C:944
642:4511:C:587
925:1390:C:649
190:4611:V:662 165 468 252 14 898 307 647 277 731
146:5138:C:18 527 128 293 842 860 493 243
4:4866:V:729
521:4772:C:686 207 259 552 413 103 560 949 494 330 320 202
369:3794:V:295 948 378
544:4889:C:724 444 649 619
493:6259:V:876 196
107:6374:C:
371:824:V:415 645 147 209 967 521 747 563 210 380 528 991 225 540 144 48 873 263 689 850 54 159 437
474:4478:V:363 830 514 977 943
743:9247:C:414 739 840 842 648
467:3603:V:202
996:2227:V:276 637 946 46 698 654 856 564
865:9296:V:893 106 899
882:2768:C:576 978 482 968 52
933:8516:C:465 884
618:491:V:
547:7668:C:515 969 856
74:1352:C:180 904 169 581 270 972 876 881
232:7720:V:773 619 972 291 216
7:9085:C:609
70:8390:C:602
798:3730:V:378
131:7953:C:
466:1405:V:503 186 405 96 543 356 612 360 530
2:4415:V:365 541 743 253 233 168 251 282 742 72 55 252 825 255 764 561 506 239
923:9408:V:179 991 701 201 743 761 452 490 882 558 952 689 549 327 695 836 698 557
575:7382:C:194 865 336 45 90
930:3410:C:133
368:4182:C:67
909:1014:V:996 69 554
165:6526:V:680 414 392 48 761 294 153 769 14 655 116 293 104 939 851
422:9662:C:260 993 865 323 556
869:4442:V:223 986
94:747:C:788 323 822 542 776
407:5453:C:233 234 622 82 555 297 706 712
239:2561:C:
668:54:V:169 704 949 28 254 598 43
362:9865:C:679 98 71 660 661 413 63 846 858 368 734
855:6812:C:310 564
71:8657:C:217 256 491 242 373 589 124 936 64 914
802:8922:V:389 855 599
873:8263:V:118 239
231:1870:C:570 403 823 383 700 136 517 399 406
655:7453:V:18 382 785
402:9154:C:592 518 815 984 365 462 821 422 840 295 635 953 264
186:425:V:364 442 749 416 458 161 843
679:5481:V:827 450 607 337 213 790 429 495
184:6385:C:514 21 960
672:3309:V:71 743 597 846 531 532 154
25:3765:C:778 550 174 432 362 753 145 661 456 767 983 309 923 179 10 784 197 442 452 993 265
751:3293:C:349 62 723 697 222 620
662:9736:C:177 12 251 282 690 814 283 150 957 909 860
258:9053:V:
177:8049:V:144 74 890 232 593 999
699:8893:C:293 223 800 273 99 535
594:7242:C:
809:1304:V:722 850 280 549 852 929 352 969 687
745:231:C:163
797:9217:V:
221:2286:C:172 509 120 897 852 723 441 385 347 972
902:1430:V:775 934 994 896 536 358 677 297 965 141 982 45
891:8221:V:161 111 28 626 81
666:9161:C:110 798
676:2812:V:889 525 47 134 368 216 167
359:6673:C:519
564:4521:V:
849:4586:C:645 672 476 540 301 84 319 282 379 762 497 345 232 546
19:7764:V:462 208 761 140 677 856 133
208:3952:V:452 408 169 436 977 195
443:7947:V:810 168 319 757 379 931 324 60 555 423 32 163
964:6916:C:973 859 426 223 181 723 925 133
540:8225:V:628 8 314 740 356 274 668 940 498 722 398 295 637
835:8348:C:476 190 662 817 566 670 197 356 339 149 331 973 920 758 824 244 285 943
312:7864:V:450 604 41 16 789 324 427 681 95 712 988 948
435:6934:C:883
716:3192:C:283 422 260 416 85 907 648 67
282:489:V:711 422 854 878 430 556 746 467 404
262:1721:V:342 905 567 511 955 841 313 847 25 661 604 365 743 10 624 233 6 717 775 445
976:1811:C:956 917 78 216 654
481:3405:C:
772:28:V:757 186 775 840 451 811 555 837 160 52 539 461
509:5188:C:49 674 968 52
997:9719:V:56 51 515 634 352 65
366:3824:V:162 717 97 95 587 930
64:1657:V:
209:431:V:679 449 885 607 984 112 108 503 366 324 560 906 840 749 318 993 760 593 495 875
356:4238:V:408 418 252 93 854 502 846 535
411:3518:C:865 438 582
52:5194:V:839 361 561 269
746:9716:V:792 734
937:5408:V:
310:6737:C:554
152:2008:C:747 885 719 412 198 781 319 251 771 418 221 459 104 264 620
686:1923:V:885 40 979 463 10 6 208 717 213 30 349 598
222:4969:V:506
881:6940:C:
700:8442:V:925 347
688:6276:V:
924:5251:C:411 834 822 488 307 919
945:7221:V:203 556 512 688 455
694:5802:V:999
483:5382:C:345 295 517
255:8062:V:987 250 419 954
446:2088:V:
179:9121:V:238 177 208 213 96 150 725 665 270 998
140:7451:C:611 502 125 626 501 860
62:3183:C:68 139
334:7149:C:759
913:7500:C:298
276:8514:V:724 110
558:5919:C:741 471
92:3008:V:769 260 373 838 343 709 585
872:1844:V:176 955 573 928 833 710 805 261 849 25 219 115 679 521 470 192 412 377 664 720 842 223 954 269
543:6141:V:92 794 333 1 230 90 485
624:1322:V:628 266 507 252 483 502 878 975 548
530:2193:C:396
647:2381:V:517 819
58:6094:V:801 514 782 87 61
861:2768:C:695 167 562
460:2754:V:209 303 491 541 108 866 84 253 646 478 583 959 244
72:4872:C:39 183
299:9071:C:128 244 305
681:8383:C:631 842 546 359
189:8110:V:948 562
593:799:V:554
828:4937:V:67
60:5992:V:326 175 87 501
267:4357:V:747 145 563 42 456 693 810 292 757 639 560 906 903 794 622 568 244 467 572 625 216
309:3049:V:923 390 866 10 442 569 728 864
266:5713:C:673 274 765 164 588 936 196 620
395:8508:C:
560:8442:V:150 882 575 120 994 869 387 764 134 317 620
195:8193:C:641
648:7105:V:
556:6511:V:61
11:802:C:
316:5468:V:974 905 932 511 872 955 573 989 185 148 892 371 805 89 401 288 470 911 201 696 894 775 58 891 439 907 752
50:8286:C:818 650
219:800:V:579 550 174 267 827 402 767 923 604 586 466 16 314 749 416 674 764 746 104 347 300 36
415:612:V:847 778 550 768 309 748 979 251 77 278 611 331 858 131 678 493
884:225:C:271 195 107 404
958:6525:C:780 363 985 957 558
959:9302:V:809 665
777:9948:V:379 294 283 583 318 263 82 909 568 861 546
469:1281:V:920 354
567:3606:V:511 872 955 928 185 156 313 938 750 645 209 115 577 521 719 500 100 314 162 769 182 445 982
825:6040:V:963 681 419 348 404
116:3100:C:431 736
426:9347:C:588
29:1110:C:
138:6706:C:283 422 619 399 239
981:6877:V:570 423 269 562
982:6012:V:899
565:4978:V:450 923 991 242 289 400 157 850 128 637
910:219:C:
818:4027:C:187 195 320 630 90 273 216 535
452:3483:V:274 513 961 397 993 786 802 436 658 783
794:2755:C:811 497 83 975 802 913 729 307
14:6131:C:990 623 11 875
596:3912:V:472 750 845 457 432 71 827 768 217 500 66 656 41 670 761 318 498 382 32
160:7074:V:
376:4877:C:929 759
26:3816:V:709 35 714 692 141 910 857
766:6679:C:360
719:3923:C:413 198 2 238 652 279 941 902 891 762 890 611 246 536 724 160 492
936:6150:V:335
283:6503:V:289 793 248 23 427 343 788 409 714
331:1647:V:959 34 230 930
441:6489:C:532
649:6005:V:969 546
302:313:V:775 30 333 953
906:2119:V:153 728 749 23 276 131 935 678 999 970 875
6:2956:C:213 612 762 844 861 634
787:2739:V:
897:7750:C:729
285:4914:C:
660:8488:V:421 984 53 108 100 242 19 113 992 980 793 622 427 944 1
588:2920:V:
59:5306:V:72 985 224 263 526 975 383 677 389 175 729 561
853:5431:C:
438:6257:V:556 353 22
21:94:C:
198:3653:C:756 256 199 394 507 59 957 961 411 5 760
153:8606:V:808 793 575 973 376 37 884 544
965:9461:V:572
522:9210:V:907 603
122:7285:V:956 132
784:6770:V:350 777 558 387 954
240:6586:V:846 4 481
360:994:C:62
896:311:C:439 223
510:3321:C:811 878 578 966 970
803:1079:C:524 448 700 614 285 395
807:9156:V:485
576:3756:C:
130:8682:V:471
34:5380:V:181
279:4969:V:817 233 422 520 959 439 382 783
541:9173:C:100 817 379 248 616 766 751 461 257 939
561:9315:V:
928:8499:C:841 185 388 313 617 148 750 303 491 541 235 507 934 616 157 404
364:5178:V:513 994 51 754 265
875:6374:C:
311:4886:C:947 755 982
13:8515:V:
216:68:C:
281:3782:C:314 55 723 159 899
867:2550:C:
277:8603:C:915 706 930
406:8024:V:
458:7306:V:824 34 123
904:1184:C:520 373 157 85 276 856 857
413:1922:V:412 166 923 112 624 266 810 113 58 957 934 556 868 876
98:5964:C:449 827 979 53 443 186 170 200 636 675 720 263 663 229 22
244:478:V:359
971:727:C:712 881
914:515:C:487
36:4461:C:
270:7725:C:
780:9859:V:234 513 975 537 21 836 917
730:7323:V:481
939:8945:C:
444:9235:V:874
96:9042:C:169 497 263 936 173 752 876 485
448:4588:C:986 917
788:1392:C:590
690:9696:C:474 793 135 994 49 674 764
121:7224:C:
430:7607:C:336 824 634 485
587:4998:V:
352:4942:V:
592:1796:V:179 112 810 314 72 749 667 483 226 782 128 647 630 972 654
268:2698:V:729 187 90
987:7838:C:746 277
511:2910:C:176 955 573 185 156 148 849 115 577 362 747 38 705 661 463 328 717 283 153 118 708 861 956 634
399:8603:V:
949:7239:C:844 386 216 437
793:4829:C:897 326 18 751 297 368
892:8698:C:249 272 710 847 750 516 25 470 885 38 565 380 179 604 328 407 59 294 92 963 555 124 428 977 602 818 700
972:7750:V:
836:1280:V:
16:4977:C:294 284 770 91 651 950 802 658 244 860 239
650:7834:V:
246:4403:V:483 909 419 353 773 561
401:2887:V:267 521 672 42 256 772 315 144 717 978 295 62 971
934:349:V:86 997 674 973 875
24:2056:V:347
689:6475:V:539 137
18:8219:C:788 803 531 635 141 167 562
227766
205445
222840
10077
197645
197864
176804
187820
208862
215768
188634
58785
189350
35278
183775
16428
207485
219333
187329
226033
224301
183968
176909
177197
32615
206636
209915
189627
190983
178019
190904
218694
192922
210434
179538
194336
229736
25948
203798
227301
209736
179137
205242
206093
221421
178109
19592
181061
209218
204650
170444
215143
224426
200588
223074
183083
3276
209151
179311
222759
215592
190056
172860
229091
216285
203792
199425
204401
173102
22913
175953
2293
216430
197392
211958
210764
227995
181637
176660
186127
226123
206666
193665
207991
196257
210178
189245
178849
188424
221559
182594
198598
219662
218886
179778
207467
173031
223905
229517
187366
