100
15:343:C:
53:839:V:48 36 0
98:611:C:50 35 26
19:930:V:70
84:722:V:0
42:21:V:57 86 56 91 99 31 32 17
9:715:C:
3:938:C:
30:526:V:81 53 28 65 83 27 70 1
73:839:C:
79:436:C:
90:699:V:63 11 84
29:838:C:
99:257:C:34
1:472:V:
68:77:V:74
85:890:C:87 7 84 52
17:259:C:
76:530:V:27
60:522:V:
71:281:V:75 13 60
78:596:V:52
94:252:C:71 86 69 2 99 95 96 44 73
61:618:C:24 22 97 8 37 46 69 91 21 40 60
41:76:C:
13:746:C:92 86 95 14
81:761:C:36 56 46 68 40 85 62 93 11 49
7:549:C:29
62:273:V:14 29
74:58:C:93 77 1
45:601:C:52
56:844:V:69 85 19 39
40:198:C:9
46:91:V:98 95 47 3 76 43
26:140:C:27
21:195:V:5 43
37:745:V:77 19
36:87:C:26
50:359:V:85
57:888:V:16 69 73 38
77:222:C:27
95:659:V:96 65
23:354:V:9 76
54:260:V:
35:614:V:17 87
24:332:V:33 59 72 18 51 94 42 28 40 43
82:539:C:38
10:834:C:64 8 51 30 71 75 16 98 11 52
33:404:C:59 64 97 8 18 51 57 28 67 32 93 58
80:233:V:36 67 2 79
8:733:C:48 21 17 78 77 27
16:589:V:67 25 96 11 26 29 0
4:300:V:88 44
20:56:C:
18:478:V:94 42 71 28 67 74 93 1
51:262:V:6 62 77
0:352:V:
52:89:C:
86:210:V:69 95 7
39:20:C:
31:249:V:74 4 17 1
48:436:V:46 58 38 43
65:711:C:20
38:244:V:
34:557:C:
87:74:V:
58:755:C:12 44
6:185:C:53 32 85 96 12 49 0
83:250:C:84
28:47:C:56 5 58 47 45
59:618:V:10 64 97 8 75 92 57 63 76 49
93:499:V:20 77 82
22:121:V:59 94 86 16 46 91 39
12:348:C:76 49 0 73
89:881:V:61 66 24 59 10 64 72 92 36 95 5 83 12
11:694:V:49 34 84 44 70
97:741:V:8 18 51 6 71 15 4
44:84:C:
43:362:V:
75:384:C:40 23 87 60
5:385:V:62 87 7
49:341:V:
88:225:C:73
69:340:V:99 5 90 4 88 19
96:842:C:
55:976:V:19
2:705:C:91 99 50 90
67:689:C:
66:462:V:24 59 10 42 80 48 56 41 99 68
91:895:V:32 74 65
27:75:C:
32:206:V:85 82
25:75:V:68 26 79
64:106:V:97 51 6 75 57 28 40 62 54
47:806:C:26 52
63:474:V:44
70:659:V:
14:693:V:43
92:971:V:56 62 55
72:944:V:18 30 71 16 36 68 32 93 19 73
7501
7592
6836
7811
10139
7057
10184
7521
9677
6822
10201
10008
5903
6627
5514
9100
7827
7022
6672
9188
9393
7313
6386
6414
6438
10011
7880
5817
9752
8864
8241
6880
7331
10498
9257
7132
6784
7706
7910
9248
7756
7410
5797
7322
8194
10669
6073
10245
6286
7116
6420
10168
8601
9818
10838
10304
6525
7745
8311
7133
9004
9044
9414
5538
5868
9582
9342
8545
9353
8822
