982.0045788162413
726.4447929372133
928.5125166986119
Impossible
633.4207886410989
637.1068696391314
160.84233457384045
410.8196423708814
766.1381193006912
846.3611546727072
429.2910955795589
Impossible
445.53871289824815
Impossible
319.02968140147044
Impossible
750.1423012139164
887.7737120288087
399.6777707179813
965.6037637219027
945.4841145379567
323.40927657256964
163.22501588454207
169.7603703367523
Impossible
740.2799558575826
778.3702154846953
451.82445311790866
482.59508033039845
188.4133611691023
480.8023962966325
880.3508160539002
526.5952618680221
784.3991403845037
222.88281746391942
558.6820368521376
998.5859538078244
Impossible
707.3125399314631
978.0907009628982
776.2908752976709
213.78324407733504
724.0866585351687
733.9722367427543
912.028808735552
190.455659435418
Impossible
257.44304257057274
770.2735668234884
717.2097345646745
16.519923754198057
839.1008886565604
946.9361677411861
670.0238136725329
931.2307602950572
303.32667695379865
Impossible
769.4952663065575
217.73168739221205
927.5715862229192
844.3166637625602
461.55940818734683
71.3442861032949
993.1570264628645
852.3668467212639
707.242841377708
656.513910669687
714.3172445838416
76.83579921938822
Impossible
141.53126985567758
Impossible
854.05122843701
628.0294090950349
802.1025730382761
788.2325608410292
983.9320584472426
270.51375147499317
157.57465734773533
372.4017427611873
966.649242028228
740.6284486263577
543.4555686666062
756.0202125805889
602.2737587364982
781.42533542429
443.1560315875465
207.2478896251248
424.5257329581556
913.6318754719173
292.23018970681676
646.9071266771215
891.5955160597084
882.5811697740605
228.3289461740946
749.9332055526514
75.22465280929472
940.8840099901261
996.742643593024
400.51738222746667
