1000
560:5614:C:
830:5816:V:335 884 478 683 307
310:7332:C:
113:2649:V:539 212 950 939
305:8024:C:505 910 143 164 106 476 113 318 87 991 518 397 345
216:5984:V:657 668 920 826
497:4322:V:735 955 50 686 293 606 869 891 877 119 926 234
791:1459:V:581 117 440 52 635
174:1612:V:989 678 226
28:6445:V:684 540 578 691 266
109:4865:V:418 94 195 299 635
416:6556:V:821 688 0 815 671 113 953
939:8809:C:
875:4622:V:
535:2945:V:54 259
809:411:C:196 816
680:1741:C:208 945 169
229:2517:V:98 39 174 505 845 820 976 823 373 238
124:472:C:354 713 480 937 327 928 426 95 647 875 92
351:4097:C:
674:1697:C:745 680 67 705 469 957 136 123
156:6655:C:837
670:4448:C:668 256 630 954 721
436:4608:V:790 697 850 439 501 370 248 37 207
569:8625:V:109 424 604 166 247 36
529:3524:V:606 929 508 559 938
66:4263:V:671 507 554 425 683 116
315:9683:V:442 870 809 216
882:4291:V:138 161 121 275 969 297
59:8432:V:349 131 145
712:3320:V:410 960 23 874 620
561:9646:V:244 750 500 401 451
97:7972:C:777 609 63
321:2870:C:93 706 718 148 473
36:2977:C:
284:3554:C:328
408:4591:C:141 144 670 255 297
900:3807:V:586 278
5:5948:V:730 916 663
788:3617:C:897 732 881 540 43 649
200:1094:V:307
379:5015:V:760 605 104 678 970 544 152
691:5997:C:
231:9729:C:59 731 771 788 774 93 612 881 865
87:2403:C:585 125 888
588:8606:V:452
862:3317:C:123 475
686:3030:C:270 49 221 146 459 113 35 213 613 860
148:3518:V:
826:383:C:227
871:2296:V:
927:7853:V:440 585 596
360:6670:V:682 748 400 122 197 653 580 33 124 354 713 515 840 878 242 189 366 716 579 821 928 603 157 495 444 828 145 390 105
198:6769:V:26
720:9238:C:194 526
609:7124:V:754
488:107:C:27 200
85:3534:V:910 581 535 274 662 871
732:4251:V:914 320 698 876
844:4220:V:179 929 447 787 701 399 475 693 868
884:7376:C:934 121 563 784 932 420 165
265:8230:V:
473:8887:C:868
657:3721:V:329 297 649 200
30:9030:C:864 237 300 470
942:6228:V:928 790 59 520
346:5605:C:802
366:2495:C:496 899 893 504 631 850 685 567 869 535 622 344 691 446
487:3014:C:335 964 917 299 92
805:2686:C:688 134 675 31 135 309 195
338:2151:C:274 339
602:7785:V:423
628:4325:V:517 762 347 301 316 163 981 471 921 623 645 208 723 59 593 358 144 596
142:1505:C:401 991 531 473
178:9351:V:337 438
536:8842:C:498 556
157:6299:V:499 573 787 248 43
595:3072:V:485 688 261 391 272 432 470 518
297:9915:V:265
863:7113:C:885 416 218 134 603 606 820 920 691
877:8894:C:975 365 986 848
494:9925:C:327 325 468 760 997 680 305 315 910 356 157 306 23 259 153
574:5640:V:172 562
390:6150:C:282 319
361:7028:V:572 542 593 443 615 450 237
795:3883:C:924 493 880 565 937 611 770 98 185 552 86 897 614 4 563 835 372 330 717
639:3247:C:861 615 81 411
190:5003:C:350 414 487 951 799 61 278
165:4605:C:
247:2431:V:837 875
69:8543:C:781 42 714 368
398:737:C:762 347 651 276 406 676 713 170 795 273 285 565 325 993 204 674 813 948 435 96 226 264 696 930
812:3778:C:122 16 316 739 481 773 645 747 907 821 221 377 488 542 835 171 687 875
608:8524:V:
89:7448:C:22 870 998 881
772:2316:V:410 501 90 728 171 784 345
439:3403:C:957 994 900 702 153
880:6146:C:591 389 204 402 138 917 890 180 754 717 903
243:4097:V:
987:567:C:679 349 488 833 615 97 754 571
916:5633:V:583 18 602 368
203:8479:V:
287:8782:V:
990:7514:C:5
430:3850:C:68
377:4663:C:661 698 184 574 518
924:6305:C:715 780 760 39 127 775 70 976 337 506 818 969
458:9153:C:129 912 755 989 618 666 10 192 292
365:9301:V:198
745:5284:C:107 822 165 749
438:6107:C:876
564:9784:V:526 567 749
244:9634:V:274 344 237 602
523:5528:C:159 28 541
943:2148:C:159 916 839 9 44
23:7109:V:223 84 714
843:1847:C:
870:5971:V:77 632 300 798
41:3405:C:
798:6667:C:
917:879:C:759 322 205 419
239:3630:C:
327:5481:V:394 82 605 790 604 349
52:4981:C:725
741:1929:V:448 975 704 953 99 938 292 397
118:7380:V:
276:7191:C:21 515 521 584 836 8 491 827 174 141 655 882 306 186 855 867
486:1584:C:821 185 703 23 223 983 26 562
962:3147:V:61 559 364
432:5796:C:684 968 345
259:2684:V:
65:3306:V:429 40 844 999 491 496 6 864 333 402 820 583 838 851 954
232:1575:C:51 360 682 776 228 281 748 400 398 658 923 515 313 902 999 956 386 976 346 446 826
502:5319:V:
120:3892:C:377 28 469 809 983 696 520
959:9556:V:487 67 759 524 876 99 868
159:9678:C:917 691 939
909:4198:C:93 728 423 92
636:3627:V:788 359 964 202 318
568:5207:V:835 792
893:1620:V:384 727 474 22 607 420 423 520
226:1045:V:890 874 498
865:145:C:296
2:9380:C:132 316 981 878 466 40 565 314 225 487 335 799 28 535 531 60
435:2321:V:194 14 960 694 83
54:8728:C:958 798
29:6461:V:504 138 544 501 769 920 433
885:8544:C:294 935 908 442 160 440 145 470
648:2639:C:426 916
888:4142:V:
792:4305:V:
251:7007:V:672 215 823
775:1705:C:646 558 857 738
508:7616:V:
864:2789:C:85 211 361 93 712 874 355 823 798
874:3644:V:615 300 286
559:2278:V:
440:4425:C:932
268:8476:V:158
800:1903:C:799 421 180
964:2756:V:159 425 622 156
199:9485:V:
225:9875:C:997 723 800 48 28 891 643 742 784 334
194:5403:C:777
991:771:C:
841:5219:C:933 968 846
925:4921:V:411
890:2800:V:701 582
414:7894:C:75 997 393 830
447:8587:V:557 714 317 490
858:8340:C:732 371
912:848:C:943 439 830 791 889 501 184 874 535 831 234 307
710:8656:C:577 558 5 80 867 714
968:5017:V:
454:1165:V:79
15:5268:V:467 746 211 911 644 967 733 920
903:2416:C:888
837:5758:V:
38:2398:C:505 577 850 943 514 455 741 536 443 196 531 749
493:3172:V:716 780 379 468 82 610 505 934 180 802
543:8653:C:511 664 630 798
940:2910:C:
381:3617:C:
787:155:V:87 54 171 9
545:6839:V:189 175 40 565 453 190 996 25 906 680 245 729 728 809
806:7744:V:629 956 770 811 576 438 585
641:2786:V:296
736:3446:C:990 478 425 430
355:1165:C:
350:1880:V:942 966 596
76:7374:C:449 837
22:3441:C:568 882 215 968
420:2952:C:156 329 462
789:8043:V:422 182
475:3523:V:329 330 721 105
275:704:V:559 372 300
143:8723:V:279 435 862 822 958
347:5970:V:856 739 773 466 12 177 134 561 34 567 557
270:6296:V:873 893 751 771 614 909 607 192
227:5689:C:
635:7574:V:243 148
640:330:V:648 432 115 684 76 224 851 983 602
380:1464:V:804 559 41 667 793 531
718:1968:V:274 248 559
889:5745:V:320 380 742
558:6140:C:156
923:7467:C:762 653 651 276 773 497 471 242 429 179 907 745 308 532 158
336:4772:C:480 177 325 719 369 908 655 705 524
99:1644:V:45 641
908:214:C:703 349 685 70 706 700 95 954
538:916:V:
817:754:V:932 292
373:8816:V:482
349:6717:V:799 544 718 27
313:2740:V:477 101 931 735 587 273 229 496 996 680 134 948 143 941 799 138 990 136 10 919 88 888
698:9685:V:13 953 334 532
387:8419:C:406 768 921 336 616 6 910 467 377 363 323 80 43 181 234 868 283
522:1582:V:333 816 105
444:2044:C:701 399 255
71:4588:V:193 477 471 55 466 645 796 565 6 745 435 879 614 487 609 284 422
597:4529:V:107 974 96 769 5 63 282 148 423
423:7719:C:
687:6073:V:901
158:5112:C:
573:760:V:588 337
895:6398:V:374 789 216 404 172 602 198
804:9476:V:562
333:8116:C:164 569 807 894 967 825 183 557 380 409 13 949
742:5112:C:160 704
581:3694:V:892 130 95 181 446 562
177:5734:C:189 445 872 111 491 829 208 525 722 731 729
576:6169:V:815 239 892 401
292:1827:C:
796:5256:C:491 250 599 529 797 417 603 722 736 854 842 940 868
318:6155:V:278
997:9742:V:418 959 576 601 538
797:5199:C:382 417 535 982 83 462 227
653:7551:C:301 803 354 481 931 521 795 863 285 591 528 127 640 86 916
179:237:V:230 190 250 883 302 527 664 452 115 508 991
348:1698:C:425 668 920 328
801:964:C:869
869:1316:C:558 432 295 984
93:9087:C:661 975 859 165
857:92:V:995 203
354:2030:V:676 383 902 230 928 606 655
301:7493:V:262 904 276 477 126 285 844 591 491 82 127 542 998 99 364 520
563:8691:V:268 176 549
56:2332:V:26
986:3940:V:
799:5305:C:80 397
176:6474:C:
317:8515:C:
899:1384:C:293 424 138 615 87 859 20
722:4279:C:576 488 412 621 819
152:7319:V:689 560
669:7742:C:
604:9725:V:729 967 661 858 874 425 87 115 52 586
881:8417:V:41 714 199
918:2947:C:67 615 274 851 158
450:152:V:263
282:1618:C:
860:1005:C:
303:5295:V:
977:5192:V:887 764
988:4566:C:387 170 735 177 218 806 49 710 790 918 732 953 45 405
278:3796:V:
195:4810:C:76 116 317 532
838:7595:C:18 287
252:9770:C:552 785 975 563 145 816
167:2480:V:432 975 535
362:7351:V:481 773 587 395 772 808 463 479 455 870 700 121 742
293:4993:V:813 82 291 917 857 444 582
228:3024:V:281 24 400 64 898 651 316 101 795 491 453 394 935 221 138 161 81 41 823 196
335:5195:C:115 562
57:4004:V:577 758 698 374 83
392:9282:V:374 622 702
407:6476:C:672
406:2851:V:481 170 924 472 294 394 428 686 293 610 922 854 877 4 733 843 761 734
521:5827:V:955 325 225 747 350 240 185 745 129 127 966 86 69 410 866 144 874 701 399 831 440 668 37 932 930 253
842:2748:V:635 451
920:2414:V:
180:7670:C:662 920 196
50:871:V:999 872 111 956 907 811 459 610 22 706 718 876 532
117:9227:V:532
288:78:C:340 51 677 682 776 281 400 699 16 923 33 72 773 40 285 880 686 616 57 505 363 934 397
932:809:C:156
683:4665:C:634 156 451
240:5726:V:893 794 463 799 523 348 452 251 165 345
394:46:V:114 794 129 961 775 622 223
752:2277:C:
171:2504:C:
993:5599:V:786 240 605 997 610 597 918 601 287
332:4576:V:901
665:748:V:577 10 578 45 307
147:1823:C:995 412
74:4046:C:887 28 890
474:4237:V:845 479 86 62 539 777 430 865
695:6764:C:681 666 582 684 423 520 837
110:9450:C:909 702 119 950 284 307 901
388:5111:C:314 907 486 996 140 157 731 447 407 593 540 310
43:796:C:238
506:4807:V:847
580:4422:C:651 276 65 713 515 773 853 570 652 872 325 786 240 75 391 700 330
102:6907:C:
861:3843:C:196
731:9936:C:359 263 940
92:8728:V:
737:8991:C:341 151 321 603 977 269 845 976 443 87 730 334 441
629:5010:V:747 873 766 384 843 438 390 330
47:9522:C:
627:4766:V:177 579 342 893 737 605 997 753 854 61 578 158
49:547:C:308 574 583
910:7555:V:59 444
582:8346:C:657 826
401:2247:C:156 198
405:7253:C:
139:7584:V:
78:9185:C:761 784 502 297 547 91
611:620:C:543 655 933 374 195 192
397:6620:V:
230:3758:C:906 987 85 697 666 743
758:6246:C:613 986
878:2776:V:521 494 258 190 395 529 751 603 418 979 779 5 180 32
465:6127:V:441
978:7689:V:23 704
271:3350:C:511 787 668 334 227
785:8514:V:685 70 638 409
853:5070:C:126 285 208 141 604 479 704 560 865
749:8129:V:
501:7014:C:540
421:4446:V:582
202:7519:C:399 176
822:9147:V:995 130 45
483:4820:C:303 440
55:6035:V:924 8 416 437 240 675 666 478 115 672 220
753:9877:V:869 945 916 434
671:8596:C:448 589 855 119 292 571 176
304:5516:V:828 968
273:7551:V:472 429 493 629 436 353 617 157 970 159 757 581 535 585 43 586
859:1980:V:860
571:7213:V:199 798
773:7673:C:313 101 627 519 873 363 523 990 861 896 634 205
40:2871:C:493 218 86 877 896 826
850:4595:C:410 118 274 169 213 847 859 783
976:9332:C:945 947 983 79 793 68
666:1022:V:825 995
403:4158:V:551 830 213 938 875
593:4486:V:714 125
527:9505:C:138 995 440 662 298
511:9508:V:572 136 927 733 498 234
632:3200:V:
135:9148:C:368
898:5719:C:658 972 124 354 924 863 294 935 928 174 922 678 632 84
769:1281:V:282 689 433
324:7444:V:833 585 749
334:2721:C:656 549
128:2112:V:72 71 276 354 406 101 472 955 179 137 240 908 989 402 665 102 943 499 546 638
724:5344:C:671 31 758 950 371 969 764
446:8077:C:832
728:4185:V:121 670
547:8583:V:
933:2276:C:758 43
846:4953:C:
307:3939:C:
854:6997:V:93 855 430 714 860 405
931:1417:V:175 428 341 631 552 90 495 986 168
8:172:V:999 416 428 956 350 936 261 555 708 741 581 307 368
107:3884:C:661 332
191:2257:C:11 768 101 273 50 75 141 727 771 66 967 608 668 56 297 649 26
375:1484:V:208 959 511 355 742 13 322
115:149:C:982 438 234
668:1586:V:
637:8550:V:795 629 928 129 597 665 120 561 499 961 884 226 874 554 121 761 657
476:9909:V:913 877 581 213 571
546:3049:C:161 567 779 432 672 145 203 547 310
280:1769:V:680 129 625 418 964 567 410 399
277:3277:C:273 872 599 690 553 208 568 479 511 550 87 76 346 381
922:4938:V:646 488 202 583 438 714 433
714:2792:C:
944:7766:V:
326:5533:V:347 289 262 163 515 878 735 924 472 8 394 599 129 356 377 541 738
555:4722:V:447 66 100 421 533 823
462:4861:V:
519:2762:C:956 962 917
514:4057:V:487 701 575 547 860 227
48:6814:C:319
702:8799:V:502 56
856:4192:C:406 201 214 313 726 902 445 366 73 314 230 204 414 382 506 334 586 26
730:94:V:81 684 41 547
18:3791:V:397
151:8701:C:436 174 631 279 976
974:5379:C:54 944 43
35:2147:C:196 88
509:6228:C:305 291 356 130
262:4936:C:72 726 637 971 627 189 806 765 893 737 707 245 785 544 758 263 859
319:9548:V:
134:98:C:403 974 779 982 583 818 826
312:2140:C:176
329:9256:V:
868:867:V:
168:998:V:
528:3871:C:74 722 712 706 419
353:3773:V:661 809 847 837
951:3295:V:93 61 901
309:3949:V:97 329
481:3706:C:521 637 844 579 459 763 675 116
707:7921:V:505 552 664 833 877 698 524 835 303 647
607:6310:C:355 80 892 926 368 68
739:4344:V:354 905 11 637 844 591 956 849 131 244 380 483 804 420
311:5467:V:349 1 355 622 196 188
930:2199:C:
530:552:V:229 719 453 225 956 146 522 577 703 447 571 441
725:5343:C:
957:6317:C:917 153
926:534:C:
482:7901:V:
984:3652:V:
429:3010:C:545 428 342 82 442 59 62
599:7354:V:711 794 403 426 678 59 918 614 359
13:6580:V:401 368
813:9081:V:436 590 697 94 251 36 965
433:5314:C:227
598:5336:C:821 760 599 737 948 89 894 785 255
391:8512:V:269 59 791 23 162
95:5533:C:714 165 868 266 532
400:4168:V:398 64 628 653 803 387 713 515 853 921 735 285 494 388 179 806 428 46 943 194 980 601 62 501 857 524 37
727:461:C:561 791 244 712 998 877 79
901:3710:V:176 68
705:1481:V:607 842 166 702 188 689
485:4877:C:341 522 528 102 966 311 881
591:1942:C:716 114 993 599 46 794 727 19 850 909 914 421 822 115 54 752
279:9074:V:850 700 210 275 322 300
638:6520:V:784 541 920 689 901
261:858:C:727 283
761:9789:V:
302:2508:V:324 884 612 582 76 903
793:3243:V:752
91:4147:V:783
892:3371:C:702 968 297 103
396:6342:C:372 717
551:9016:V:807 959 685 866 443 857 374 975 985
218:2559:V:179 222 114 996 151 15 107 164 311 929 730 160 506 199
906:5568:V:952 707 505 790 922 516 96 67 309 892 559
141:7039:C:567 5 304 510
161:2929:C:877 557 451 165 368
704:4306:C:
94:3971:C:311 967 415 843 43 411
743:1195:C:624 275 95
298:3127:V:
68:8910:V:
566:942:C:494 270 745 977 705 544 828 238
131:8513:V:527 147 842 892 503
308:833:C:349 290 861 975 717
520:3174:V:986
469:5081:V:860
4:5491:C:508 792
357:140:V:410 643 798
586:994:V:
207:2068:V:
140:5750:V:929 951 324 869 582 430 541 165
579:6429:C:437 352 305 104 727 102 22 94 703 432 425 450 968
643:8864:V:275 465
386:9375:V:460 342 794 603 959 659 169 968
633:4975:C:929 706 835 851 932 571
363:3274:V:789 483 56 79 266
499:9817:V:70 532
534:997:V:279 138 884 210
0:6926:V:712 998 202 575
624:996:V:
938:6621:V:986 168
98:4489:C:127 22 617 720 357 220 596
711:3476:C:146 141 766 102 882 306 202 181 282
682:6154:C:776 281 748 762 852 2 354 193 814 795 530 806 375 992 391 640 679 704 32 139 969 602
507:2088:V:557 538 181
205:7220:V:
412:1997:V:36
342:5745:C:883 513 820 729 290 833 843
428:2126:C:293 463 636 349 80 399 950 168
981:6400:C:313 477 101 545 494 204 384 665 966 142 754 188 83
477:4449:C:101 627 242 189 154 75 614 607 754 642
934:9154:V:846
206:866:V:585
928:1714:V:908 597 143 631 426 448 115 950 860
182:5356:V:88
525:1785:V:94 272 633 155 306 891 178 822 181 405
913:414:V:551 633 636 671 779 203 368
554:66:C:401
455:4812:C:960 643 42 223 399 431 103 88
985:2518:C:
577:5028:C:269 561 982 365 397
625:7549:V:463 263 195 714 287
816:7455:V:168
779:850:V:123 409 828 531 903 949 92
245:5999:V:435 604 324 48 100 168
104:1253:V:568 572 62 828 752
836:4771:C:325 996 359 448 945 563 322 207
617:580:V:182
221:5244:V:797 403 231 909 861 145
222:6800:V:849 291 174 106 22 918 1 61 215 119 621 334 901
524:2280:V:694 254
498:183:V:266
770:1753:C:146 426 869 123 802
902:3911:C:154 616 305 551 894 980 70 733 792 92
774:4490:V:97 199
196:4661:V:284
369:6127:V:770 711 459 504 476 631 874 433
257:2497:V:184 264 622 470 518
935:815:V:760 827 341 906 603 96 526 830 488 982 61 199
419:355:C:792 802
760:5610:C:751 129 109 308 568 791 159 583
249:170:V:652 12 716 314 190 459 356 977 606 194 978 750 975 97 498 831 37
726:7278:V:637 250 461 141 89 712 945 404 329 148 901
897:9240:V:691
623:4744:C:189 369 395 997 353 845 729 661 173
703:7361:V:70 960 409 287 903
832:3556:V:278
827:4100:C:134 107 941 127 23 839 859 484
693:5261:C:173 888
834:6153:C:86 774 638 914 80 412 145
748:2312:C:24 400 398 64 236 33 289 782 2 124 217 354 65 21 191 795 242 114 655 834 646 572 226 220 954
451:5337:V:7
676:7563:C:193 768 878 545 880 185 908 974 830 148 518 819
738:7472:C:
246:1541:C:40 915 73 218 85 528 102 870 421 162 547
175:4778:V:218 327 204 770 85 908 697 732 558 116 9
557:2151:V:919 18 826
172:9753:V:63 422
541:3741:C:
129:9342:C:707 426 514 750 266
236:1954:C:72 840 477 726 584 645 652 175 565 591 229 240 790 654 269 966 824 90 698 296
443:5895:V:297
58:4247:C:349 574 642 965
552:3112:C:564 86 544 69 304 585 649 198
163:9804:V:313 878 931 273 112 50 591 674 342 952 58 998 769 380
46:8573:C:467 785 367 835 227
370:7569:V:733 299 330 484
814:3991:V:466 242 566 902 445 230 873 688 797 640 894 311 815 809 409 583 267 802 317
170:3937:C:584 885 8 915 629 428 821 106 317 549
967:1439:V:571
533:2349:C:
263:4016:C:
661:5511:V:322 329 310
839:6715:V:125
328:4706:C:83 319
596:4467:C:92
996:2911:V:49 873 522 436 134 943 970
717:635:V:986
210:6433:V:438 838 188
852:3093:V:262 740 676 515 378 915 146 442 66 914 425 556 804 867 562 68
833:6946:C:585 411
945:9250:V:777 663 411
692:8282:V:760 996 305 604 695 152
63:1918:V:783
973:5371:C:376 728 251 520
96:672:V:633 815 638 97 95
150:2119:V:645 763 723 279 526 951 638 464
242:3070:C:786 745 392 640 815 3 717 875
181:7058:C:602
441:7587:C:
12:2555:C:844 813 46 737 610 89 710 974 324 410 732 789
872:9442:V:992 66 671 501 728 5 255 373 635
467:8221:C:392 655 824 854 290 700 914 216 483 662 547
921:3893:V:150 880 428 185 597 141 164 127 271 359 927 160 583 330
662:7262:V:696
125:9069:C:
572:5929:C:542 541 295 613 518
264:6841:V:
364:5454:C:
39:5953:V:908 356 424 977 809 173 330
612:2737:C:632 328
634:577:C:926 691
371:6150:C:105
989:9003:C:311 815 666 159 226 43
122:5544:C:326 658 347 2 124 65 313 383 814 726 778 893 797 989 424 824 884 869 166 95 571 268
811:5043:V:610 245 894 962 478
684:9756:C:441 60
851:4621:C:663
613:537:V:
330:6508:C:
188:6063:V:954 930
778:252:V:442 731
790:660:C:4 498 26
969:7901:C:473
966:7640:C:775 135 976 730 346 345
459:8085:C:513 356 551 646 455 799 478 318
654:7621:C:159 78 358 689 182
505:6832:V:392 110 861
34:1307:V:960 299 199
587:6258:V:73 250 797 174 706 510
886:6748:C:
495:1054:V:409
193:5228:C:637 735 872 491 747 25 952 382 940 969
667:1537:C:749
138:8772:C:97 284 103 433 227
815:6761:C:469 205 482 547 108
424:8273:V:27 206 419 156 105
219:4259:V:
983:4647:C:886
480:8741:C:902 285 873 459 723 577 640 917 443
849:9451:V:39 82 745 109 102 131 612 63
289:1835:C:2 201 163 767 515 637 587 277 472 12 591 218 294 352 760 864 457 424 22 96 741 226 348
744:3978:C:658 762 33 347 782 316 72 193 101 570 73 190 509 711 690 553 707 53 930
835:5595:V:440 851
374:732:V:465
762:4097:V:201 521 175 493 388 872 230 468 616 39 936 382 269 526
80:2290:C:195 419 299 227
123:8536:V:372 268
45:268:V:
427:2570:C:
145:3957:C:609 45
299:6681:V:
828:9188:V:925
24:7934:C:398 812 122 762 236 163 878 55 512 277 716 579 394 395 597 568 785 86 779 409 701 284 254
733:5600:C:374 420 207 984 176
618:6100:C:194 202 761 192 802 875
746:5601:V:245 617 741 861 535 44 105
575:5398:V:483 241
306:7112:C:758 42
250:3823:V:129 820 966 618 178 1 946
513:1966:V:824 917 195 991
395:7134:V:107 167 235 761 259 390
706:2292:V:612 346 541
652:7267:C:545 325 437 747 208 636 679 998
300:6998:V:687
132:6135:C:316 739 515 735 795 885 258 598 719 616 770 688 928 164 0 59 507 452 969
449:8878:C:
518:7139:C:
539:4913:C:742 582 465 696
972:2769:V:387 726 584 845 507 557
11:987:V:521 996 382 143 513 377 943 894 526 791 979 946 777 620 268 296
904:6586:V:72 354 406 55 466 530 314 496 453 386 723 989 866 718 563 582 173 635 663
867:3744:V:
220:3653:C:
378:3575:V:623 863 645 652 12 189 114 39 461 315 723 702 297
949:7172:C:268 490
44:5373:V:312
344:4066:V:510
820:2961:V:685 666 976 113 668 851
253:8911:V:
936:5369:C:104 467 324 69 371 207
723:6402:C:604 59 961 67 700 87
166:6573:C:440 752 689 586
146:5352:V:928 233 552 551 564 495 142 925 148
531:9018:V:227
755:5458:C:800 435 961 929 178 118 761
763:6172:V:644 675 423
526:1882:C:259 451 547 586 345 826
589:6752:V:
929:1978:V:506 139
51:1584:C:626 228 281 24 400 628 653 347 132 713 905 11 768 497 735 570 466 29 912 67 975 789 18 368
384:437:C:424 736 614 920 203
914:2394:V:
600:7233:C:626 537 682 776 228 748 24 400 398 122 658 923 653 289 740 477 512 579 539
963:6291:V:132 378 915 453 379 190 553 174 382 603 457 962 323 855 166 153 368
367:6433:V:855
295:6709:C:
404:1300:V:
615:9573:C:338 531
343:5563:V:82 688 104 382 912 552 808 850 564 337 855 721 20 105
137:7109:C:711 942 29 436 106 516 879 499 818 278
585:2337:C:
540:7228:V:
413:8149:C:267 148 296
67:3542:V:945 702 125
953:6513:C:804
254:434:V:
765:9548:C:509 146 893 134 0 127 943 830 324 866 945 87 761 310
694:5712:V:662 26
845:475:C:37 419 470
223:4040:V:802 148 826 532
316:9447:C:201 65 193 840 11 768 530 416 437 379 786 250 185 341 102 426 548 675 958 451
532:2830:V:
88:8393:C:
655:5774:C:157 929 964 348 557
960:8429:V:415 184
70:5967:V:917 891 478 574 275 926 278 783
583:9743:V:267 752
425:4931:C:541 41 156 330
457:7432:C:279 94 833 672 818
605:1113:V:461 17 978 66 31 789 704 602
33:8039:V:301 2 313 55 623 177 111 230 821 109 841 463 531 287
663:4519:C:307
510:4537:C:818
975:5758:V:535 670
314:5918:V:778 595 918 671 27 632 663
794:1052:V:341 959 909 478 669 438 219
697:9808:V:474 961 464 684
189:6208:V:225 686 599 151 233 333 439 945 444
472:5608:V:545 530 388 993 936 745 797 417 208 141 474 271 439 823
660:1097:C:719 314 996 240 458 151 610 679 359 507 777 192 56 234
756:4023:V:600 232 288 340 626 776 228 748 744 132 170 191 921 735 584 472 258 314 468 605 745 522 391 640 576 633 593 220 423
197:6397:C:580 676 853 778 674 797 85 107 606 678 788 799 607 891 704 940 212 859 860 26
651:2752:C:385 132 72 124 739 676 726 645 915 494 460 977 211 659 855 683 181
642:4557:C:
621:7512:V:802 351
721:5880:C:
713:6518:V:853 11 921 584 466 645 40 29 25 208 800 377 671 359 774 664 358 822 991
77:2664:C:510
470:8324:V:
9:8488:V:
410:1173:V:822 969 520
965:4704:V:
208:4008:C:943 231 712 784
209:9057:C:631 724 815 998 76 547 266
821:8003:V:813 987 22 845 14 889 661 184 620
645:7686:C:880 494 389 996 221 459 601 524 37 689 663
368:817:C:
385:9042:V:810 217 170 645 177 258 655 815 730
25:7886:V:864 85 174 577 96 918 363 415 877 524 27 282
907:5432:V:906 346 752 954
946:8937:C:851 125
873:2361:V:151 129 959 712 23 683 431 926 56
463:3049:V:135 67 607 900 876
948:2202:V:356 606 678 544 700
116:556:C:823 63
162:4569:V:888
415:4513:C:255
60:1211:V:
256:5839:C:903 26
783:1432:C:
998:9673:V:895 160 300 92
982:9710:V:510 125
601:5092:V:469 769 380 802 297 227
831:1017:C:419 754 372 596 738
235:1557:C:608 322 259 847
114:705:C:674 442 106 708 973 870 448 100 536 88 168
504:4333:V:134 548 407 70 97 27 837 405
283:5174:V:105
664:5918:C:144
466:421:C:565 780 496 437 821 893 516 879 870 960 452 809 622
272:4981:V:695 882 675 799 666 732 779 634 462 283
750:2257:C:462 296
204:2714:C:760 86 251 524 938
777:7123:C:
153:8738:V:609
339:4685:V:819
681:7480:V:213 296
855:9905:V:169 837 397
352:1644:V:341 688 522 912 159 10
417:5189:V:552 526 501 431 502
19:5794:C:791 443 257
490:9930:C:
16:4065:C:133 33 289 301 740 124 242 579 225 509 342 849 790 426 271 666 67 839 559 148 176
594:5570:V:744 236 33 852 2 981 481 773 878 336 999 258 610 722 96 706 409 13 818 562
578:2470:V:991
866:955:V:524 275 510
678:7444:V:700 409 789 777 440 754 867
937:2341:V:416 747 553 504 746 640 463 100 118 475
952:2096:C:590 0 820 183 76
719:9134:V:616 849 395 529 102
130:8953:V:
887:6939:C:577 604 377 573 729 448 443 558 95 37 419
341:9745:V:992 455 638 37 79 656
224:9933:C:
320:7998:V:76 267 431 41
685:21:C:854 998 274 932
215:3155:C:668 465
14:7902:C:62 374 662 312
734:1977:V:56 433
891:1181:C:478 37
679:335:C:918 741 365
699:3121:C:236 580 33 651 316 429 566 177 844 179 780 496 240 553 208 516 884 866 399 195 116 859 717
345:8440:C:
689:1405:V:
659:3041:C:960 914 42
995:7386:C:582 61 777 847 284 562
980:8068:V:664 498 446
418:9882:C:845 671 567 957 869 253
27:211:V:483 940
848:3903:V:
950:8605:C:
267:655:V:832
896:2729:C:575 346 79 531
688:285:V:522 403 929 455 664 10 168
961:6662:C:348 123 881 9 297 531 83
550:2010:V:914 4 498 556 620
337:7724:C:857 556 668 278
260:336:C:433
675:5731:C:567 544 290 348 450 199
296:2147:V:
824:4234:V:775 28
100:1560:C:251 264 239 620
105:4161:V:
331:2854:C:44
90:764:C:180
764:7138:C:
548:2418:C:282
802:8837:V:
915:247:V:258 327 230 528 127 815 226 346 804 571
603:6152:V:989 659 448 835 237 207 860
570:4206:C:566 149 428 190 6 805 873 707 625 548 791 929 554 425 789 346 696 265 484
75:633:C:315 845 966 435 918 659 363 685 638 495 982 256
786:6324:V:553 143 245 654 655 415 540 165
658:7308:V:762 988 347 810 72 676 362 773 11 814 921 971 429 175 591 388 111 906 356 22 94 59 809 733 804 196 334 518 749
144:3107:C:738
992:4882:C:987 948 209 573 718 224
512:8355:V:378 12 591 416 222 964 184 995 662 925 298
211:5210:C:573 351 888
72:2958:V:406 676 21 193 481 768 637 285 937 111 780 280 442 697 800 896 300
700:4091:C:994 837 888
825:5632:C:412 663 265
956:4949:C:997 727 516 659 324 567 415 203
434:8450:C:650 532
610:5370:V:922 109 977 959 264 303
489:2534:C:693 454 18 965
584:8407:C:429 40 629 428 185 252 697 820 961 546 884 290 662 419 559
17:1843:V:655 269 28 759 425 789 892 670 986
409:135:V:259 920
255:7924:C:153
776:2680:C:281 812 744 651 853 101 336 246 472 566 8 494 258 325 786 30 611 424 640 435 807 96 708 31 833 582 411
445:9223:C:230 778 509 395 688 745 552 548 973 693
537:2068:V:360 776 228 281 748 24 653 963 651 767 915 806 491 389 468 146 794 341 910
422:26:C:689 901
782:8938:C:21 767 11 584 493 592 218 325 389 992 305 457 426 889 542 934 444 396
766:694:C:640 614 359 415 243
393:6697:V:311 639 69 47 462 411
101:1261:C:878 521 584 844 369 770 873 966 775 540
112:8171:C:12 545 492 902 222 190 114 341 417 568 269 410 235 90 881
500:5201:C:
735:3246:C:584 249 880 821 794 723 534 19 548 934 581 263 609 865
606:2032:C:807 244 639 203
53:45:C:943 323 87 355 656
646:9034:V:244 877 374 489 423
359:845:V:705 523 169 203
26:7177:V:
164:5832:V:534 94 934 257 322
677:8602:V:682 400 398 812 898 197 33 852 347 124 21 931 863 285 993 204 616 599 137 143 631 845 573 161 575 502
323:6923:C:469 550 575 622 83
399:8037:V:920 650 826
894:1864:V:67 732 397
701:5367:C:563 696 642 278 105
626:2584:V:537 776 24 400 398 289 276 201 773 726 126 493 190 778 686 849 436 141 989 636 961 619 661 54 322 420 663
136:4687:C:506 851
31:3820:C:854 664 421 160 260 838
767:5868:V:193 905 229 30 46 436 356 577 357 934 861 842 792 950 602 433
21:6070:C:170 477 623 242 175 836 723 109 850 644 581 683 419 296
847:1747:C:153 56 642
492:1008:V:327 899 633 119
819:3670:V:
649:319:V:
876:6529:V:345
883:4968:V:952 381
829:3771:V:468 993 611 96 359 666 789 274 373 867 868
751:3948:V:707 89 695 889 62 712 448 976 842 299 300
567:9943:C:946 764 282
556:8731:C:
496:8090:V:379 747 993 692 849 146 807 62 443 36
10:9877:C:668 446 411
6:9674:V:808 729 685 544 777 156 560
83:5746:C:549
1:7606:C:259 817 865 783
84:9455:V:
461:5831:V:291 109 474 974 324 54
266:5110:V:
108:7391:C:
565:6008:V:114 204 680 305 675 758 507 139 865
426:1677:V:463 675 376 415 202 77 495 524 464 634 169 831 691 84
757:1179:V:761
322:7467:V:36 253 88
517:6303:V:923 762 262 972 354 921 40 416 611 137 770 311 705 183 839 373 549
325:5483:C:719 114 908 418 367 947
62:1024:C:877 670 329 165
111:5189:C:209 194 93 507 732 890 432 116 986
715:8513:C:73 111 629 674 770 751 514 801 661 23 750 130 634 192 531
971:6422:V:40 494 719 519 114 195
86:3249:C:614 93 13
955:4195:V:189 229 993 616 107 577 601 167 160 583 541 837 176 783
919:457:V:
647:8554:C:888
516:1416:C:28 866 946 608 892 752
553:2353:V:129 499 771 951 324 70 917 123 345
442:2380:V:948 603 463 933 202 855 318 835 784 818 206 867
383:6881:V:814 570 584 627 863 189 844 872 327 849 461 261 604 548 741 90 23 421 372 596
234:1156:C:203
672:1689:V:
169:3768:C:585 156
160:53:V:892 431
650:1523:C:
248:4726:C:792 969 441
456:1571:C:709 673 756 600 232 288 340 51 626 537 228 748 400 398 699 898 236 988 33 124 11 566 175 294 849 770 75 811 459 151 305 308 618 951 615 9
437:7515:V:813 93 80 982 322 198
784:1092:C:
747:867:V:187 29 151 522 606 870 80 419 371
644:2740:V:967 376 643 37 950 373 793 641 266
708:6772:C:646 661 990 593 13 828
64:2674:V:122 923 963 128 676 170 471 735 570 955 175 221 85 349 324 348 881 338
233:8148:C:697 807 561 785 809 622 44 7
630:320:C:451 198
356:3143:C:825 202 184 861 721
590:88:C:922 834 304 838
562:2239:V:
294:3823:V:46 893 107 447 542 717 26
149:8269:C:598 294 157 184 299 649 783
106:8732:C:0 115 503 339
237:2044:C:329 331 620
947:4001:C:940 346 259 438
709:8538:C:756 600 232 340 51 626 537 682 776 228 744 326 923 653 388 229 883 382 252 974 670 215 259
631:3958:V:791 967 666 536 498 160 926
503:4159:V:83 620
619:9497:C:380 465 518 92
73:2894:C:765 137 75 873 603 384 800 959 564 479 644 67 884 77 278
133:6347:C:658 923 197 347 301 963 856 406 65 713 853 885 126 8 494 844 956 711 529 442 209 977 418 678 376
754:4545:V:620
484:3958:V:
818:4085:C:
905:5153:C:853 313 101 637 863 175 315 391 525 644 884 370 478 166
192:8503:V:819
999:8294:V:590 697 617 820 564 614 48 683 689 482
622:119:C:602 865
103:872:V:482
771:1574:C:964 960 348 583
389:2424:C:686 356 961 998 355 153
491:4860:C:778 369 504 614 448 732 196
376:4457:V:147 115
61:5052:C:153 752
879:3649:V:644 290 483 865
3:1683:V:783
970:9214:V:612 210 574 828 153 649 68
382:6597:C:528 140 933 438 99 9
979:9573:V:253
468:872:V:509 350 369 137 436 19 469
155:6525:C:1 195 662 41 954
954:6271:V:
549:6994:C:
411:2151:C:
673:43:V:756 232 51 626 398 744 64 653 852 651 2 810 856 713 378 480 189 327 686 460 605 505 407 48 986
185:6597:V:442 833 643 80
768:9097:V:814 314 907 85 252 697 894 644
759:375:C:750 263 160 672 260 372
154:7682:V:327 993 686 509 827 395 261 211 554 643 427 689
213:9884:C:296
941:7696:V:578
184:4630:V:76 196 969 725
810:8083:C:124 362 981 768 383 814 623 242 902 915 134 640 516 551 633 785 909 866 694 540 596
201:9813:C:163 921 565 519 225 39 424 418 349 775 601 446
696:4986:C:253 549
79:6418:V:334
515:4901:V:773 11 429 872 327 491 747 956 293 46 522 402 526 581 27 173 7
32:6770:C:793
464:7380:C:947 99 969 266
729:4420:C:469 443 563 892 79
808:7400:V:785 729 866 4
183:5641:V:508 215
281:2031:V:699 898 653 580 289 132 972 276 193 481 170 497 623 863 472 915 591 179 394 230 414 305 382 824 933 945 698 498 215 847 585 329 451 241
716:8790:C:325 821 529 474 606 96 664 891 990 23 638 837
214:76:C:150 273 645 218 997 261 977 617 615 684
217:4483:C:276 981 193 515 853 768 246 472 229 146 707 887 607 443 498 738
803:150:C:810 124 276 163 902 715 250 616 185 959 66 960 842 895 61 329
452:9668:C:783
212:6319:V:
186:355:C:757 581 704
7:2109:V:
173:5478:V:919 725 253
823:8845:C:717 482 721
269:1484:C:974 323 62 264 263 267 839 823 635
616:1282:C:39 408 106 194 695 323 945 251 881 754 371 549
479:7593:C:791 659 612 662
340:6127:C:51 626 677 360 776 281 748 398 594 762 580 739 676 21 637 187 343 75 525 977 659 152 76 792 559
187:4438:V:240 46 85 703 897 607 557 718
544:1152:C:833 77 310
478:6389:C:318 160 649 287 520
448:4725:V:698 464 508 259 192 158
121:4047:V:946 851 826
127:1082:V:617 269 801 741 275 213 79 571
286:383:C:
656:7032:C:
274:4543:V:292
807:7726:C:959 588 452 116 299
614:8641:V:967 593 413 422
780:850:V:956 57 49 941 727 678 685 36
81:2671:V:483 828 307 176
460:4973:C:996 82 436 966 551 435 367 144 181
690:2409:V:146 928 290 559
241:913:V:
994:9814:C:304 80 518
42:3380:V:
291:3938:V:540
542:2332:V:998
453:4616:V:428 760 467 882 897 983
290:8209:V:202 792 283
781:7637:C:207 345 92
372:6321:V:397 198
840:3345:V:587 249 327 780 519 993 352 15 377 741 464
592:6972:V:137 442 625 568 516 636 679 990 718 624 438
20:2684:V:
431:3839:C:
238:2840:C:865 381
911:6454:V:572 367 192 754 168
358:1996:C:881 45
740:9177:V:768 521 924 242 154 461 436 403 604 891 202 263 518 620
958:2637:C:95 860 560 875
620:8482:V:
37:8962:C:541
471:9068:V:512 378 114 342 952 134 912 655 895
119:7831:V:
82:9570:V:174 513 74 568 807 546 410 683 670
402:9500:V:820 157 729 970 870 180 464 287 83
258:5375:V:829 496 293 873 46 384 252 551 889 115 256
285:4766:C:915 937 629 38 104 551 700 13 839 847 752 470 92
126:9553:V:716 598 660 629 437 747 250 675 964 842 855 871 199 954 381 939
214759
214625
194726
210997
182419
185420
209786
250160
201378
232845
224653
204592
197100
200265
35877
236780
220336
204952
241551
186987
12496
64669
253283
59009
233056
205945
214282
225941
210037
220010
219608
213420
185853
203222
202541
186076
242027
185814
209703
196086
230709
203224
206943
211864
217880
229074
250183
246098
226318
236194
222121
181892
198581
248809
19950
42869
189793
253539
217393
229413
228307
73461
241302
202111
216352
234560
251438
201707
189144
233715
227903
68713
29573
226575
191335
180792
238340
213851
192059
192838
198539
227825
230766
217974
251217
221860
64399
204779
189990
190351
200446
194973
182574
250543
227586
218741
230069
206844
196820
193725
