590.1174456245485
588.3249953182268
288.886862977482
539.795072099307
64.49083781566232
119.20867900446714
523.596136868295
969.3492498321874
410.1741270854225
812.2464577576577
722.4644854062442
454.118622756093
332.17248609718297
389.88057252256357
Impossible
847.9798987681646
664.7181572540732
458.9341608924797
891.2574155040728
147.7801075758957
Impossible
Impossible
997.6778360334537
Impossible
814.199669817311
472.2170202520132
583.7368575938361
739.6934107386501
526.9536370689425
660.3574199416785
654.9800690227132
572.2063190561545
127.10365575713374
435.7928248481768
426.6834318735119
131.16965995077035
895.57518912937
126.39256085331388
522.4858877979614
313.6840185978667
791.3163619260391
435.8195778378234
485.5667620856631
551.3924931111052
631.8654859680569
775.2954318302076
969.5578817510568
932.5030387692531
744.7363492870328
842.6643203134921
688.5952005136573
54.88194001276324
359.17585923967545
957.094392336859
Impossible
Impossible
198.94247424560126
999.9999999999997
625.3511329891115
778.6172026574167
767.7798028494718
Impossible
888.9987482084867
420.9315390994944
611.4262018780598
827.8423831207707
980.9419277589303
415.52743519088256
187.10912571793236
820.177427840569
763.8211143120309
Impossible
Impossible
748.17410845662
227.05807275047863
34.825417084510896
862.1305854393063
577.9715883249953
240.25891147780106
254.46257635153614
358.41006472786944
763.0568130597527
791.8748897642424
633.1228764814468
978.9372471471853
685.103935364777
Impossible
456.6200272880494
202.5344151700246
209.1166013310238
393.1807822043942
293.39046403500777
67.3169842282797
972.8234248290125
760.7149156329002
643.3826480109152
785.0451721637564
484.24248909815674
327.06718935180965
270.6354271127724
