428.5657
601.5228
889.2594
48.6627
781.1852
417.8411
86.9954
263.1529
189.9281
623.7658
786.9673
413.6806
638.8058
912.2794
171.0847
962.9136
418.3076
22.002
363.6123
684.7639
468.89369999999997
305.4723
653.3674
267.7715
120.6815
232.81310000000002
746.3105
212.5661
221.8634
2.9778000000000002
8.914
351.4095
361.5175
278.261
279.3147
485.3736
526.2197
333.681
904.6668999999999
343.5631
304.7895
330.30830000000003
642.9424
501.2846
36.188900000000004
605.9762000000001
696.098
278.4281
244.44729999999998
442.603
109.2864
556.7595
505.5967
983.3819
5.676
999.8868
566.8969
110.7673
520.0232
596.1807
513.4907000000001
806.5566
529.813
309.9981
807.3505
792.7878000000001
295.4805
95.6317
429.80179999999996
38.3621
600.0272
678.293
30.3123
921.1798
702.6756
614.3557000000001
631.4364
970.5936
15.2311
759.7097
78.3951
303.5326
329.7087
199.6834
412.86519999999996
775.452
577.7769000000001
859.8257
595.2443000000001
880.3036
420.9303
776.5331
181.2827
989.4588
616.2225
496.3772
61.4576
726.4144
152.9745
349.7771
