658.8766173173076
700.6030556677483
460.17415031499536
54.51930215293244
420.7616066770996
120.00046399406088
323.65152346966784
669.2803721396638
846.9380649294578
302.27491078781225
759.7944318324257
12.690237564959169
695.3106502694949
690.5126669544992
728.0051809863372
49.624164810690424
694.5307168423838
146.84252041573868
87.96167409057165
337.8225363711227
19.800946547884188
Impossible
281.17307614704816
472.0998354801172
452.4216524216524
106.59103563474387
87.11488492947291
Impossible
924.2164827827835
544.9460294530717
Impossible
975.6136256965883
742.9144440885225
869.1940223673765
114.89652932442465
349.62599505901727
585.4179206291882
282.20209031112546
876.6730268380663
Impossible
485.357730428153
606.8439158228994
388.45903101839144
769.9126753109288
Impossible
896.4986560075765
743.4019024804668
511.0067814293166
775.5602289661704
618.9468113257476
405.7060310581437
187.07080549368968
78.0554008908686
879.6395593376137
937.728477652985
378.5684875102937
481.1203402752698
272.2246882692385
54.948496659242764
306.94997255009605
532.153605393042
Impossible
907.9608919095834
746.5982367933594
493.3670398459131
809.2436038495285
223.67993689680773
575.2738654147105
531.1825368163396
274.8476655502199
536.1101079410938
667.3235748805727
Impossible
829.0761967103522
318.9078369475707
163.47670749814404
338.1056135053527
902.3829751674767
869.8068272029637
44.02143652561247
711.9886909653069
152.66564587973272
132.53990348923534
691.7313129343603
123.20202301410542
626.335287809362
388.3904062585781
536.2144376228883
183.85764662212324
725.3798693611509
680.6660074372223
Impossible
303.33001646994234
Impossible
886.9166167602123
457.7424661931704
432.6230889611171
479.4189639260062
Impossible
214.5740534521158
