1000
130:5896:V:
264:97:V:901 733 35
591:5612:C:666 558 865
81:8487:C:43 582 501 401 731 152
696:20:V:779 227 918 533 961 291 699 352 251
62:7301:C:800 965
384:9553:C:851 91
482:5753:V:67
457:5812:C:943 576 435 132
572:6811:C:
340:334:C:852 872 285 372 282 839
533:1467:C:420 540 541 357 543 418 243 49 213 610
63:6429:C:24
717:9265:C:743 687 561 415 286
96:601:V:354 479 852 731 679 64
237:7231:V:45 532 540 710 513 646 740
22:938:V:816
4:6024:V:714 891 228 564 86 190 810 87 2 678 791 805 93 839 392
323:2751:C:115
788:9260:V:270
969:9800:C:87 388 743 133
349:508:C:414 783 730 95 199 618 704 183
213:4161:V:
216:3429:C:88 168 402 315 467 727 795 130 768 444 562 186
492:2264:C:
615:4205:C:
985:3924:C:277 572
795:5967:V:188 238 852 493 27 914 874 460 423 645
830:1615:C:
10:3475:C:368 171 177 416 850 421 472 891 236 621 967 97 117 182 298 443 321
676:2848:C:157 310 439 551 324 837
828:7871:V:880 674 459 500 532 462 77 344 257 478 185
880:4828:C:616 753 629 4 815 783 718 769 87 874 243 93 905 928 262 67 203
694:2833:C:552
206:2000:V:880 673 776 4 855 408 912 16 627 425 251
815:1866:C:697 174 310 618 501 257
940:1827:V:900
613:5218:C:599 958 602 125 547 116 299 570 636 595 477 456 43 357 691 350 778 144
669:6002:V:810 960 702 170
259:4799:C:691 967 419 505 80 713 915
357:7251:C:943 435 310 14 885 464 817 261
975:6159:V:783 354 285 631 175
498:7863:V:434 649 618 997
209:6221:C:860
146:8721:C:135
439:8532:C:657 309 929 572
524:9600:C:
662:406:C:
260:8805:C:779 164 688 850 95 194 913 773
647:3457:C:324
317:5699:C:
870:6042:V:579 175 995 430 888
529:5071:V:730 79 741 843 706 911 429
890:9379:V:688 795 484 879 199 987 927 681 915 135
759:4020:V:
35:9009:V:
134:3913:V:341 491 841 13 587
900:2687:V:774 903
716:8389:C:846 785 479 676 873 820 528 527 525
197:2954:C:427 736 920 213
127:4052:V:397 322 238 770 531
799:2720:C:909 463
360:494:C:931 286
962:8234:V:
699:4738:C:271 483 944
456:9087:C:92 331 122 621 585 326 885 684 323 938
16:1754:C:388 198 370 805 514 376 142 221
415:491:V:463 617
836:3017:C:181
566:5862:V:561
644:1037:V:230 131 917 864 253 6 880 355 126 803 975 92 884 672 932 551 985 704 492 214
290:5072:V:918 127 961 932 605
764:264:V:35 865
634:8205:V:837
654:7811:V:125 547 269 568 39 583 99 177 793 7 937 538 584 320 343 236 611 175 145 608 638 888 417
537:725:V:313
339:935:C:66
59:1999:V:77 150 499 430 302
389:729:C:
594:3125:C:497 524
515:1137:C:168 570 283 90 793 670 919 857 233 281 548 676 34 821 885 628
516:3841:C:950 970 52 804 447 452 690 44 613 230 125 550 267 878 547 65 269 268 696 6 283 670 416 790 272 17 233 457 801 280 144
13:3791:V:
986:3253:C:180
629:1789:V:21 536 879 273 997 388 931 913 704 747
610:8478:C:
69:116:V:798 199 112 132 858 431 724
183:2747:C:82 49 525 694
503:6722:C:150 135
943:653:V:341 677 817
374:2085:C:865 369
346:7823:V:296
668:6889:V:922 965
86:3155:C:768 699 435 298
902:9213:C:
990:3757:V:761 316 385
907:2679:V:430 773 748
966:9137:V:42 460 867 868 413 339 163
575:5584:V:269 871 351 50 99 682 85 937 891 856 614 92 446 976 312 622 165
792:7405:C:965
926:9407:V:772 661 420 83 218 236 736 885 511 577 933 888
484:9051:V:245 318 586 117 662 308
639:6567:V:499 984 170
196:2890:V:921 145
577:2662:C:
698:6104:V:478 916 903
791:4500:V:631 251 22 209
475:2792:V:573 401 742 460 431 758 37 428
826:7166:V:513 250 132 415 262
816:9425:C:
622:2224:V:76 341 429 628 686 711
702:1049:C:
523:3393:C:34 823 896 278
445:9895:V:311 877 232 120 539 489 557 735 788 905 587
1:1074:C:261
703:4973:V:281 204 145
721:2995:C:922
125:1399:V:752 267 549 412 925 260 980 177 674 397 327 891 540 823 705
651:7670:C:208 588 975 529 697 250 318 911 652
938:2865:V:
133:8220:C:
76:1313:V:158 249 563 184
442:5579:V:808 360
306:1057:C:644 267 140 583 682 696 74 450 127 754 850 41 420 596 648 531 701 870 627 295 724 938 664
802:2382:V:937 78 961 327 45 529 408 883 502 649 55 704 915 221
506:8493:C:199 132 151
470:1991:C:162 757
174:3301:V:548 743 566 738
874:5061:V:788
419:5800:C:957 733 94
171:7215:C:526 84 518 919 857 798 70 579 300 144
497:8758:C:317
732:3308:V:807 117 280 151
905:1931:V:
462:3730:V:775 264 576 157 852 28 353
608:2082:C:316
825:2917:V:71 236 810 344 139 712 829 212 342 784 860
871:5137:V:570 297 90 467 263 729 553 238 71 191 350 278 747
720:8905:C:644 894 886 412 244 283 297 290 315 416 533 979 648 130 834 717 551 466 476
780:5970:C:
203:9373:V:
494:6572:C:737 897
132:8929:C:425 426 381 902
77:7104:V:26 87 723
159:7169:V:930 883 51 935 863 905 865
811:111:C:594 110
525:5278:C:189 3
674:7672:C:734 533 538 194 557 487 528 173 773
889:6440:C:
265:4830:V:975 448 122 611 569 576 591 582 243 694
853:2537:C:561 109 955 814
179:2337:C:205 671 95 357
948:7704:C:
495:2435:C:186
904:1682:C:682 6 279 187 643 753 807 41 436 343 969 157 314 183 342 889
701:3402:C:911 563 604 359 36 49
297:3608:V:739 329 636 750 441 159 898 716 648 691 699 557 491 689 150 481
431:7100:C:398 160 29
5:4995:V:
233:8310:C:30 887 676 576 652 365
231:2887:C:32 110 473 9 938
8:7698:C:416 899 538 529 446 995 1
771:9510:V:599 693 299 65 917 515 39 140 886 786 890 126 629 500 590 327 390 179 855 484 520 672 122 597 130 862 24 132 42 858 451 638
363:8364:V:73
32:5675:V:
435:8137:C:139 124 663 474 483 369 170
619:2839:V:421 714 595 354 884 869 326 200 57
469:3076:V:531 573 818 418 11 702
165:6836:C:558
188:8333:V:340 479 967 528
37:6095:C:
582:874:C:289 988 635
109:7369:C:625
891:9689:C:710 846 42 473
301:8764:C:251 759
305:9766:C:542
253:5513:V:598 947 247 315 722 106 529 77 991 618 504 266 960 505 617 476
279:5152:V:876 337 797 935 801
84:8411:C:880 345 533 96 322 728 729 609 532 83 197 435 497 251 562 1
740:8895:V:430 431
544:6542:V:53
142:9010:V:
460:597:C:32 615 865 542
819:31:C:834 647 27 686 481 799
347:3221:C:528 339 922
402:9923:V:727 126 979 120 924 307 913 298 348 483
26:1033:C:372 32 121
417:5573:C:
840:2215:C:938 476
616:6082:V:397 500 507 532 453 959 832 291 699 997 292 916 642 366
980:2674:C:822 379 734 234 581 420 246 648 357 683 70 338 601 944
822:6544:V:598 695 227 379 432 643 732 332 138 584 103 462 819 523 330 813 949 735 325 948
177:7194:C:215 187 753 624 188 120 16 295 920
611:7136:C:574 109 104
180:8470:V:
2:9699:C:685 478 566 261
283:4737:V:779 606 290 167 416 899 727 248 624 718 320 521 669 426 150 37
648:4904:V:
748:3899:C:
325:1006:V:534 381
194:8898:V:56 195 562 363
941:6293:C:
953:7712:C:427 341 677 20
17:7524:C:531 232 949 742 927 428 392 220 160
872:6068:V:274 82 524
632:1686:C:
912:1703:C:195 32 321 135
877:8360:C:648 769 340 384 186
924:2411:C:312 932 486 277 110 952
758:5937:C:640 221 542
569:1192:V:678 97
917:7475:C:904 237 787 624 620 798 264 63 285 639 908 366 305
155:9101:C:682 105 215 223 880 951 523 361 326 300 552 814
286:2467:V:252
254:9125:C:420 559 873 759
345:695:V:807 397 578 120 574 585 40 442 5
882:1050:V:904 283 416 919 107 355 937 629 815 891 507 30 521 330 594 603
512:2051:C:91 152
994:4060:V:
726:1228:C:877 123 146 418 860
885:6649:C:382 929 923
920:6282:C:
344:5845:C:573 742 289 944
959:1928:V:800 977 837
304:181:V:618 117 704 3
584:942:V:805 180 339
288:4954:V:44 771 306 571 599 602 886 38 980 297 739 998 215 279 7 263 727 421 781 945 591 139 224 243 317 994
761:4234:C:136 262
467:147:C:416 803 81 949 916
466:9516:V:243 817
808:4892:V:666
153:1272:C:769 741 122 2 939 805 298
614:7419:C:239 403 536 108 521 77 146 314 789 488 572 544 325
480:9990:C:
820:1165:V:972 324 664
643:5155:C:651 750 414 714 532 513 582 872
57:6111:V:
680:7273:C:383 293 743 325 319 707
418:7909:C:534
25:9302:V:198 485
143:7192:V:591 303 936 679
751:2490:V:644 693 925 598 981 968 137 616 327 609 390 529 375 945 341 435 867 941
756:5624:V:847 927 749 302 806 142
745:4911:C:858 133
762:6570:V:448 668 117 36 844 280 638
320:7770:C:655 969 630 548 622 258 901 737 93
64:4102:C:534 110
767:3221:C:73 784
684:1806:V:923
485:1784:C:93
123:6512:C:83 559 178 46 847 365
43:1107:C:264 611 539 394 573 352 22
543:1578:V:813 16 742 182
193:7485:V:465 461 679 766
957:1190:V:460 444 909
11:6632:C:952 816
214:1038:V:261
55:6070:V:908 642 749 705 766 251
282:7401:V:928 203 252
909:9316:V:492 286
463:2315:V:816
735:7138:C:546 82 748
915:458:V:552
244:4271:C:956 171 918 688 518 673 272 616 89 462 59 513 976 56 439 742 224 566 301 707
257:8671:C:820
865:3369:C:
925:8784:C:88 598 981 84 918 807 629 362 123 71 357 912 145 460 960 324
53:1567:V:
66:3608:V:
28:7653:C:631
75:6128:V:804 288 44 720 230 602 693 575 894 864 882 39 168 598 695 850 433 354 122 597 991 87 431 758 282 610
834:3349:C:591 14 381
803:9810:C:729 507 48 855 377 120 622 591 401 579 626 792
358:3170:V:376
868:5770:V:757
728:3776:V:45 883 134 797 805 144 719 251
187:2872:V:400 141 762 446 710 25 394 49 428
563:4324:V:844
388:7538:V:
893:9219:C:
630:1468:C:843 819 326 923 558 115
848:8408:V:329 754 411 951 137 228 588 31 569 410 112 761 733 298 749
626:800:C:485 577
274:4073:C:384 663 537 784
413:6661:C:366 398
298:9836:V:766 860 542
403:4557:C:620 71 649 211 829 60 702 352
568:2899:V:140 760 283 227 890 754 727 349 750 533 782 795 876 343 98 775 130 63 954 42 365
478:1401:C:150
532:7134:V:600
736:4786:V:278 737
291:5836:V:139 430 799
236:1020:C:191 274 733 909
928:7485:C:
910:5027:V:516 275 950 612 52 75 690 44 796 599 958 131 963 125 752 404 229 878 547 119 549 894 140 570 598 695 968 786 127 670 643 590 21 265 945 235 318 394 186
235:1329:V:656 605 986 563 494 577
311:2631:V:207 685 478 285 182 546
894:8100:V:980 981 90 890 247 279 445 762 630 457 250 523 132 309 133
241:906:C:81 77 976 586 401 985 546
272:5087:C:565 879 325 82 203 380
411:5954:C:414 78 815 138 102 671 343 331 461 435 901 158 454 534
443:2126:C:
731:6015:C:499 758
782:2448:C:31 102 343 655 36 836 308 455
933:3215:V:
266:696:C:527
407:7118:V:596 304 705 625
705:6464:C:302 562
97:5274:C:921 271 363 889
387:5440:C:823 556 389
319:7670:V:256
394:4364:C:274 885 109
271:9828:C:572 424 252 922
218:3193:V:335 869 823 113 527 298 325
423:9517:V:524
844:439:V:185 13 707
586:5623:C:658
261:6869:C:
128:6191:C:549 39 140 61 88 673 609 517 403 448 277
433:1982:C:750 19 714 975 420 320 218 27 915
30:5649:C:188 513 194 881 789
649:4722:C:557 723 460 176 319 455 888
292:1626:C:967 572
854:6074:V:735 694 757
220:7202:V:556
328:8798:V:177 918 467 390 31 138 205 456 312 70 14 967 778 184
343:1309:V:611 410 312 647 110 58 66 455
429:9375:C:319 773 308
683:446:V:678
987:3327:C:303 652 867 838 214
361:4016:C:27 401 626 761 358 505 296
281:2226:V:829
841:248:V:91
307:5806:C:851 626 451 474 366 363
54:611:C:19 798 304 521 900 341
184:689:C:977 492 784
190:5634:C:158 586 378 494 858 133
603:9350:C:221
99:18:V:779 297 247 223 937 234 661 815 334 375 461 959 470 509 27 344 384 635
590:3435:V:782 248 507 810 40 743
981:3299:V:968 328 729 536 122 703 281 479 935 97 652 302
846:3224:C:304 357 932 487 928
612:3918:V:970 52 75 690 72 599 276 230 404 217 878 755 549 515 99 695 247 206 729 45 876 564 337 118 461 881 501 896 499 305
531:7638:V:967 491 481
678:7551:C:378 916 817
408:9158:C:974 698 117 617 169
737:5548:V:738
670:8550:V:776 715 728 623 159 469 648 672 519 834 557 139 657 252
94:7764:V:
930:8052:V:578 741 701 843 647 16 494 426 503 342
595:1817:C:649 881 392
786:959:C:650 247 222 734 643 272 78 728 609 86 465 15 330 834 224 9
773:3718:C:941
152:4882:C:
239:3297:V:17 304 959 621 341 27 985
372:8048:V:625
998:6170:C:518 636 225 272 961 564 89 103 648 676 842 289 687
813:244:C:198 666
168:8584:V:696 606 215 996 989 609 614 672 541 945 523 165 552 221
642:4026:V:977
342:9148:V:324 9 413
229:2021:V:547 128 549 894 925 760 168 682 968 84 450 263 726 254 532 469 456 264 94
162:34:V:488 35 511 490
404:6917:C:693 547 882 515 216 880 96 730 422 266 439 972 481 702 944
976:3419:V:744 429 735
631:8084:C:941
378:1006:V:903 473 428
937:2972:C:772 590 876 768 489 16 990 347 608 889
714:8735:C:553 188 881 36 181
852:9692:C:861
329:5989:V:222 989 445 590 208 624 332 233 238 697 350 854 55 530 948 577
422:597:V:834 87 706 24 758 889
558:1108:V:121 902
599:6244:V:958 276 752 242 229 878 973 693 917 575 88 968 177 595 469 736 314 176 417
793:8046:C:688 880 535 411 951 629 390 420 408 540 264 120 384 97
144:7573:V:
436:8701:V:395 521 832 350 987 582 605 37
414:9168:C:661 92 340 873 14 986 749
855:286:C:405 672 578 680 959 997 454 678
490:9108:C:
715:5221:C:179 672 446 819 457 312 519 418 908 792
105:3991:C:279 732 750 472 661 538 45 343 453 548 486 990 916 530
309:5460:V:280 398
430:4238:C:920
499:4776:V:558 694
884:100:C:502 457 523 539 852 579
906:468:V:824 486 698 625 305
262:1140:V:
843:7299:V:487 97 642 831
546:808:V:705
150:2542:V:903 724
729:2196:V:507 387 362 502 812 911 742 866 957 309 300 305 759
246:4942:V:672 959 774 437 27 352 286
212:8901:C:
400:8580:C:975 30 655 913 610
6:1097:V:445 397 584 730 245 130 350 195 358 182 173
835:7299:C:449 711 955
857:8131:V:619 728 41 311 946 513 281 148 194 605 454 314 525
90:6758:V:315 754 802 726 205 559 148 68 834 310 574 124 712 42 830 11 601
964:1129:C:760 696 90 471 624 409 697 174
936:3865:V:358 348
392:2597:C:
308:7608:C:
354:727:C:655 611 669 87 873 901 24 679 492
785:3263:C:124 198
600:5626:C:
958:7849:V:276 230 752 404 217 128 917 269 583 88 99 283 695 606 227 101 790 421 538 118 446 197 531 294 649 26 55 418 186
725:1351:C:487 668 55
428:7501:C:321
175:1283:C:527 49
382:9159:C:601 666 115
163:4201:C:
624:1298:C:320 120 900 523 966 255 814
903:6332:V:339
362:4172:C:953 536 193 785 691 543 437 685 186
322:5727:C:714 815 979 233 716 730 565 26 388 36 641 47 203
628:5855:C:908 144 537
58:779:V:
652:3197:C:544 481
20:9638:C:990 678 0 224 372 738
370:7844:V:928
708:8342:V:236 945 523 42 875 982 160 993
505:5504:V:920 889
3:4665:V:
302:8240:C:909 5
944:6177:C:
111:5169:C:975 81 405 304 43 494 927 995 788 909
541:9621:V:194 318 511 183
39:7429:V:38 168 786 848 154 518 126 616 102 521 191 97 642 342 186
947:8136:V:225 919 459 507 337 123 159 17 377 681 386
939:1760:V:831 170
818:4065:V:144
770:353:C:502 340 493 360 309 960 480
256:1991:V:
607:6236:C:155 968 74 951 807 564 158 146 681 929 561 135
849:2831:C:
479:5872:C:77 539 87 146 391 863 865
766:5293:V:994 255
95:5565:V:559 531 130 543 916 913 929
182:9651:C:316 305
528:8940:V:365 664
570:2769:V:786 137 96 787 159 408 403 540 502 513 577 632 160
722:5179:V:118 813 303 585 20 743 627
425:4070:C:995 767
540:2750:V:43 765 873 231
564:1635:C:179 123 584 395 218 92 579 316
447:6768:C:690 72 44 958 644 404 229 267 973 575 368 583 88 779 328 998 432 329 154 989 614 239 457 935 358
733:3514:V:757
922:1205:C:
908:2383:C:666 537
863:8866:C:
390:5194:V:337 343 569 312 576 872 668 658 977 705 324
633:6316:C:864 515 402 968 880 349 435 658 419 512 702
730:8291:C:318 812 858 740 913 829 109 133 537
949:1836:C:761 929 372 608 897
72:9094:C:44 613 644 230 602 752 242 973 549 583 438 155 283 510 328 947 953 405 331 895 457 881 27 292
747:5348:V:799
327:1154:C:584 859 236 818 939
883:4154:C:79 457 207 388 37 600
21:6129:C:891 876 589 762 95 531 196 377 130 359 282 707
899:1000:C:411 772 729 45 89 357 326 32 296
458:1596:V:995 724
901:9278:V:
784:2020:C:
117:1123:C:382 483 104
921:2688:V:632
847:5415:C:117
310:1202:C:647 813 605 657 667
672:7625:C:881 700 425 805 490 201
252:3286:V:
200:5611:C:534 558 955
807:6495:C:233 953 672 680 330 36
812:5015:V:625
230:1574:C:886 606 890 432 450 164 809 96 722 240 456 879
496:1572:C:50 763 399 807 975 205 83 100 819 574 486
211:7041:V:847 921 342 37
571:7515:V:599 230 404 973 575 871 760 980 606 674 272 776 614 953 541 190 130 62 394
381:3401:C:922
122:3589:V:987 284 454 875 957 863 262
783:1020:C:884 541 236 291 872 626 534 993
15:3200:V:461 264 987 182 707
598:932:V:739 688 445 975 762 648 377 631
337:5650:C:532 671 30 648 502 668 966 778 180 363
555:3159:C:800 608 664
931:6869:C:165 849 170
137:5290:C:809 609 396 574 278 481 47 346 480
719:6731:C:
814:7252:C:
952:8029:V:944
315:6394:C:734 272 126 732 937 156 507 48 188 95 775 294 528 444 552
510:99:V:226 899 727 580 469 971 120 551 495 363 169
805:5561:V:66
623:688:C:228 564 469 403 304 686 909
842:446:V:94 849 339 203
27:4376:V:935 712 353 302 376
172:1903:V:
861:9298:C:
681:3524:C:176 705
604:6383:V:689
276:4762:C:963 125 550 693 39 412 438 904 570 297 227 215 126 590 395 820 231 641 905 610 135
718:3478:C:51 559 703 586 20 439 382 200 511
520:5086:C:192 967 929 110
625:8386:V:
695:6370:V:90 111 850 138 884 736 419 325 993
636:727:C:96 785 621 573 885 104 480
892:9445:V:
650:3425:V:763 670 754 7 147 4 332 199 449 489 712 652 353 664
493:3136:C:967 552
914:3837:C:929
263:1724:V:989 581 595 589 375 178 565 987 26 642 352 9 3
102:9821:C:259 959 705 992
864:9455:V:583 351 61 980 682 570 779 786 947 226 899 643 951 567 781 166 51 672 826 669 235 2 508 42 740 370 413 721
581:8565:V:589 103 178 383 943 194 360 658 426 666 37 483 941
79:1058:V:843 338 139 0 572 831
201:1907:C:135
173:6182:V:308 220 542
395:8505:V:100 197 383 785 62 207 742
810:8892:C:824 881 298
796:2567:V:602 963 229 973 128 368 412 925 88 904 980 168 450 518 857 322 343 377 906 146 678 460 503 960
798:1854:V:264 813 257 444 49 719
121:4970:C:938 367
138:8681:V:16 818 936 933 261
449:8802:V:712 818 874 665 144 587
367:4803:V:
850:1847:C:636 441 782 123 205 118 405 403 808 32 984 129
169:5169:C:
379:5330:C:226 222 206 272 228 595 620 974 489 139 478 132 494 512 392
991:3830:V:659
709:8524:V:740 370 418 295 920
224:318:C:418 731 738 142
412:8228:C:168 526 105 187 643 336 254 159 218 565 224
19:432:V:408 198 927 687 544 243 941 398
501:8434:C:425 875 309 844
440:6314:V:15 291 621 677 839 915
691:67:V:566
267:7671:V:128 964 155 695 890 998 467 636 107 411 937 210 775 834 325 558 889
375:1335:V:559 71 628 91 319
476:3428:V:
50:4752:C:904 956 379 802 137 533 332 462 245 593 419 941 22
147:1125:V:616 484 620 375 148 691 60
83:3492:V:859 484 148 330 344 301 256 321
74:6946:C:247 919 147 137 471 930 883 462 987 646 704 977
202:5485:C:798 725 819 458 811 576 645
657:2313:V:830 325 321
973:4814:V:269 886 379 688 234 809 589 624 311 218 427 161 885 679
38:1687:V:216 760 850 783 762 403 997 321 169
778:3870:C:995 867 537 323 892
120:7727:V:797 823 211 618 574 439 97 474 80
110:7790:C:23 392 792
222:1940:C:734 263 228 507 396 898 190 27 872 585 985 47 952
348:9278:V:
215:3215:C:787 718 207 702 286
839:8815:C:428 792
186:6745:C:
859:8727:C:697 15 284 955
601:5381:C:702
519:3794:V:487 303 117 820
87:569:V:668
191:8525:V:431 641
549:9287:V:368 496 964 981 74 279 416 399 441 876 845 846 945 410 426 316 868
675:3352:C:358 499
313:5878:V:
781:7523:V:141 362 775 593 479 932 442 896
158:1106:V:909 944
369:7214:C:
103:8048:V:741 765 622 376
585:6887:C:694
801:9988:C:110 363 889
178:2808:V:768 76 677 563 668
192:9357:C:741 122 691 350 76 991 851 231 936 366 721 707
365:201:C:183 82 480
556:7670:C:
858:5653:C:184 444
487:1200:C:14 586 841 668 386 806 962
88:878:V:670 919 807 397 782 208 879 124 162 641
704:8372:V:839 413
373:2663:C:464
247:953:V:535 951 781 390 332 123 30 703 756 851 415 546
36:2821:C:875 11 183 558 214
513:6790:C:959 543 425 370 356 428
356:3665:C:689 759
473:2762:V:
898:3356:C:320 620 462 377 593 161 820 740 451 923 1
507:1356:V:953 969 775 77 68 839
789:7988:C:627 425 176 534 213 413
416:9574:C:754 660 141 322 961 891 783 671 672 541 26 563
42:2481:V:308 13
873:7828:V:
562:8705:V:262 13
776:7086:C:322 728 553 375 639 686 466 794
929:4994:V:91 505 868 892
777:9870:C:
689:6067:V:893 220
100:2815:V:541 618 916 931 455 637
67:7187:V:
970:49:C:52 75 804 690 44 771 571 602 973 693 575 515 886 522 216 570 290 848 880 518 734 414 714 538 362 408 680 383 823 647 761
667:6667:V:
999:7274:C:793 472 624 12 716 354 762 498 343 765 621 543 401 833 534
896:4578:C:544 889
754:8934:V:349 772 564 106 233 825 775 630 935 55
794:6133:C:
46:4639:C:676 591 394 706 957 282
579:3379:V:833 704 287
536:4022:V:565 199 365 679 464 430 525 251 757
916:1691:C:530 908 788 638 367
927:9786:V:262
277:5138:C:833 180
65:2023:V:10 575 894 99 570 956 297 786 90 754 734 727 531 335
856:4264:C:942 436 98 692 291 677 912 913 353
797:9886:C:365 485 170
522:6662:V:155 6 956 227 776 726 210 239 166 976 489 967 957 995 185 617
659:5548:V:
314:9583:C:563 488 333 214 944
293:852:V:537
401:5105:V:151
553:9715:V:456 736 419
334:342:V:576 274 818 425 527 255
827:7366:C:470 666
955:284:C:984
692:4114:C:377 120 470 777 132 474 183 392 261
688:9848:V:518 471 728 782 584 320 945 36 151 792
824:6922:C:24 936 988 381 172 542
565:1215:V:768 312 145 372 592
149:8370:C:
753:7992:V:726 81 502 461 669 853 326 675 863 93 261
765:7389:C:148 291 569 341 455 587
148:9959:V:983 676 991 656 706 893 252
434:5454:V:768 895 373 339 962
673:4893:C:12 334 953 697 197 548 649 40 429 638
887:4319:C:969 183 625 3
742:4232:C:831 214 104
971:6540:C:536 211 422 330 487 42 385 180 398
34:4716:V:439 356 380
664:1776:C:
82:2492:C:
60:2300:C:
324:6700:C:941 542
126:9554:V:433 926 441 322 102 30 885 604 920
397:8626:V:979 407 811 0 36 358 923 480
749:8381:V:
351:1175:C:168 682 998 450 226 467 355 446 691 574
547:6313:C:116 244 496 168 90 688 581 680 207 40 162
108:8223:V:449 901 927 635
294:5026:C:634 280 9
221:9941:V:
468:1604:C:843 112 235 677 907 326 144
106:206:V:502 680 70 173 542
275:1448:C:950 52 804 447 690 44 751 958 644 230 602 125 752 575 894 515 925 111 7 951 589 652 184
24:5653:C:801 923 962 632
167:9392:C:996 919 857 507 238 103 281 977 371
526:1352:C:329 137 815 891 12 884 845 26 338 231 833 381 867
89:5526:V:114 735 198 150
923:1775:C:527
9:5409:C:
574:4158:C:266 442 381 641
593:4155:C:810 97 652 11 948 165
185:3479:V:13 664
560:4056:V:600
945:4187:V:872 817 748 13
455:170:V:748 115
446:266:C:927 224 278 831
284:9273:V:683 744 566 271 466 1
243:2440:C:160 664
637:7172:C:
486:18:C:393 836 313
686:7925:C:867
312:496:V:628 353 444 738
161:8024:V:997 139 1
833:2155:V:492 893 860
711:3192:C:
956:9028:C:90 154 518 406 815 898 883 81 178 465 959 987 576 11 109 483
960:8387:V:933 221
580:2738:C:354 462 810 289 505 22 305
527:9663:V:941
700:9587:C:757
518:6471:V:899 7 776 589 337 408 461 725 491 938
234:4569:C:953 769 291 628 972 639 49 366
472:7187:V:468 914 466 313 214 892
666:738:V:992
250:6823:V:318 158 97 830 426 93
333:8339:C:278 544 905 186
621:1630:V:543 658 977
409:4927:C:17 76 330 384 913
911:941:V:995 561 642 766 984
61:1684:V:260 696 779 890 432 450 215 793 8 754 126 765 775 976 676 489 310 582 647 136 642
559:4569:V:697 541 647 744 941 203
280:3614:V:173
303:426:C:505 495 261
961:8032:V:609 815 192 521 266 735 646 483
49:6320:V:
653:2755:C:724
465:1847:C:906 548 112 2 585 132 430
245:4814:C:775 539 621 55 214
52:6336:V:452 288 44 654 796 571 276 125 404 693 65 917 244 155 215 433 141 414 815 745 699 656 249 851 150 928 180
71:5486:V:819 191 26 610
255:5117:C:
502:3766:C:148 768 724
511:346:C:
141:9800:C:714 623 581 540 236 548 921 451 11
620:9571:C:976
746:1793:V:538 618 605 663 49 18
386:8740:V:849
875:2304:C:278 133
131:2308:V:752 217 267 894 515 980 570 739 828 84 315 215 137 750 78 322 538 726 375 92 543 14 326 658 927 948 592
757:1877:V:
867:6037:C:865
258:3687:V:266 986 985 635 577
690:2445:C:720 599 276 602 229 267 38 522 904 956 297 402 379 74 947 450 21 614 102 819 479 676 586 743 382 182 665 577 366
542:1453:C:
421:8610:V:629 589 106 540 502 906 801 833 11 151
934:3328:C:913
724:7252:V:
368:2038:C:864 438 216 598 695 739 510 171 890 405 531 448 565 879 906 943 361 811 394 370 711 150 558
832:3396:C:478 451 386 788
500:3533:C:614 469 762 462 913 737 603
285:8851:V:818 381 47
338:242:C:988 82 413 366 392 160
942:7070:V:953 238 92 769 219 194 523 991 499 317 724
269:2724:V:925 956 167 467 643 238 161 677 551 224 601 298 705
723:6179:C:818 995 713
296:348:C:556
140:8451:V:696 164 355 581 589 334 883 884 680 677 491
491:2510:V:735 761 473
406:5156:C:629 507 529 407 520 997 146 646 544
727:51:V:715 714 311 122 827 509 0 358 960 93
33:4181:V:67 860
693:7827:V:755 515 583 554 88 696 227 786 290 947 215 850 899 535 137 856 614 241 81 178 765 943 622 341 249 646 460 418 333 110 637
935:1981:V:875 738 282 792
932:9564:C:647 960 525 376
530:2001:V:474
48:7396:V:17 953 238 819 742 731 430 32
225:2885:V:919 263 729 30 79 845 197 340 513 174 271
189:5053:C:
464:7526:C:994
385:9304:V:317
355:9157:C:78 21 979 855 614 548 211 677 852 618 347 136 1
829:7197:C:424
967:992:V:300 444 592 748
682:5569:V:510 467 850 355 877 179 102 559 193 769 383 250 204 470 810 394 195 813 990 289 430
514:4872:C:600 22
965:1935:C:
330:5448:C:901 736 704 511
710:231:C:465 236 513 969 77 895 893 163
706:6071:V:764 558 170
441:2638:V:765 449 901 833 372 183 537
391:7614:V:563 957 530 923
790:5145:V:753 441 590 332 354 578 425 761 321
837:4015:V:
534:9595:C:444
278:7663:V:737
481:2201:V:
316:9292:C:868
989:6087:V:940 580 81 741 461 457 621 249 20 960 381 577 816
56:8827:V:756 668 740 474 863
804:4386:C:288 613 771 230 963 229 267 973 547 917 894 964 297 226 279 206 807 553 387 971 199 357 388
806:524:V:
997:4307:V:124 494 200 474 386
219:8817:V:639 280 542
592:1356:V:794
366:7022:V:180 837
741:6492:C:605 844
204:3787:C:330 901 24 663 652 546 865
438:8459:V:244 50 607 155 315 279 793 850 590 795 45 311 337 246 200 364
268:9648:C:412 216 904 283 981 84 416 518 225 147 728 661 877 51 765 148 676 361 700 151 837
982:4936:V:
227:4102:C:786 998 947 225 643 809 855 239 456 103 976 474 169 115
104:494:V:
41:5557:V:726 946 597 338 437 789
743:1057:C:129
248:4291:C:726 377 165
535:5296:C:727 729 787 337 205 188 697 523 286
640:3531:C:
7:6986:C:400 141 715 41 138 762 281 907 585 442 841 300 829 694
335:2575:V:976 2 885 939 37 480
396:5765:V:765 869 489 881 808 480
459:2197:V:421 661 733 572 91 806
596:8743:V:148 572 641 537
205:8811:C:859 883 506 264 627 916 985 160
154:8182:V:636 722 595 118 959 548 458 573 28 666 867
618:9136:V:303 528 704 22
452:6830:C:654 751 771 571 276 644 550 404 755 412 607 786 379 450 401 0
561:1905:V:313 922
112:432:V:557 158 657 478 909 667
838:5317:C:
427:4730:C:843 250 449 622 561 270 892
51:1345:C:199 63 2
93:6286:C:
376:9081:V:603 135 104 115
157:1503:V:378 563 820 444 577 82 705 324 748
420:3325:C:159 930 953 774 699 303 901 604 994
40:9295:C:419 109 369
992:4155:C:186
47:9447:C:992
405:5568:C:446 77 936 929 32 905 121 261
583:3363:V:522 760 696 822 84 673 263 147 89 159 205 717 182
139:632:V:358 642
226:2649:V:535 616 624 188 540 597 521 611 479 678 639 805 689 58
199:9955:V:836 562 214
769:8264:V:725 521 774 574 176 319 952 252 707
14:1369:V:512
341:7370:C:591 881 990 626 625
879:1500:C:350 706 585 249 642 499 993
181:7892:C:944
448:7488:V:519 591 0 740 936 860
474:9907:C:903 348
116:916:C:299 65 755 412 38 964 297 650 793 399 445 781 961 532 174 576 249 257 551 309 836 505 431
635:2384:V:262 617
739:6818:V:227 84 177 111 951 445 349 234 41 553 710 340 191 350 161 986 936 995 546
881:6756:C:310 249 91
483:1200:C:
115:524:V:
968:8917:C:290 177 272 937 421 750 876 138 730 708 832 768 91 908 150 546 282 348
750:9237:V:555 122 976 63 310 16 454
656:3609:C:685
918:2968:V:279 225 263 336 78 623 884 69 987 257 905
318:4198:C:907 124 933
538:132:V:581 31 436 395 446 541 826 457 676 491 289 960
45:9739:V:79 745 669 987 211 257 64 747 381
98:9741:V:541 122 487 744 511 749
101:8741:V:432 349 96 588 123 407 582 419 287 428 724
775:9165:V:593 900 649 862 591 986 615 49 413
779:3349:V:328 290 400 746 54 327 265 453 350 699 117
242:6449:C:693 65 917 894 981 890 399 7 411 729 41 31 540 375 100 648 565 768 70 24 359
521:897:C:649 742 818 626 711 243 324 302
18:3051:V:707
451:9772:C:11
809:8416:V:859 383 949 801 419
207:4968:C:706 842 686 805 679 221 380
734:5567:C:459 96 589 427 578 593 273 14 2 821 145 430 73
831:5316:C:
136:9547:V:483 255
437:9738:C:
897:2590:C:938
984:5716:V:201 5 455 104
488:9482:V:365
974:9219:C:519 927 740 353 135
996:7785:C:636 397 517 427 461 130 318 618 460
851:8952:V:451 356 60
80:864:C:186
895:5184:V:258 870 986 353 172 860
876:2559:V:581 726 320 354 900 87 572 867
350:2861:C:901
410:5462:C:16 627 474 560
869:7385:V:194 622 489 934 359 428
489:1253:C:249 528 601 352 483
129:339:V:
573:8235:V:391 419 820 346
545:1463:C:145
641:139:V:282 724 1
548:9370:C:235 582 463
617:3404:V:
567:6976:V:989 254 332 265 825 434 403 477 506 810 576 844 476
504:1234:C:491 626 358 339 759
113:6556:V:632
760:4199:C:99 696 999 379 727 781 661 41 538 396 102 17 559 884 565 46 310 640 142
92:4775:C:559 340 900 204 685 709 808 833
774:324:V:895 621 744 136 923 984 262 321 142
444:9523:V:902 993
713:8331:C:
768:4290:C:649 557 491 986 55 231 324 993
627:8108:C:360 419 494 836 374
787:6096:C:48 31 532 138 584 898 456 132 735 316
176:114:V:641 984
539:705:C:
232:9922:C:231 528 353 165 955 905
85:3753:V:956 227 315 206 670 750 517 697 912 756 20 868
210:2424:V:825 540 974 43 824 24 442 530 415
606:2162:V:177 154 636 951 479 388 282
426:4217:C:181 428 339
946:2606:V:190
550:8195:V:299 917 925 871 760 980 155 772 782 156 210 427 120 454 425 830 169
508:5494:C:388
800:6954:V:639 365 499 60 537 308
359:3089:C:833 302 110
477:2179:V:470 394 493 24 295 955 366
118:1471:V:671 569 622 834 813 319 928
744:9274:C:359 977 150 608 93 860
380:7352:C:
685:7033:V:231 759
170:572:V:1
817:9047:C:
687:9623:V:
602:2114:V:963 125 547 65 568 864 886 956 379 315 7 126 750 728 228 671 825 143 997 200 988 298
228:7604:C:92 461 565 194 573 978 617
886:8490:V:554 328 754 518 414 397 726 624 832 519 800 145
823:317:C:908 635 817 492 66
963:6273:V:550 229 116 368 871 822 6 164 127 734 263 81 775 487 766 323
166:8955:V:718 521 357 862 454 359 55 646 176 280 838 938
240:5804:C:178 219 250 341 731
860:1962:V:
866:9573:C:
289:6587:V:443
114:1796:V:442 551 600
23:14:V:640 455 556
677:8865:V:647 801
821:4556:V:486
321:933:C:
454:811:C:743 398
578:5404:V:501 378 466 757
660:5223:V:629 961 942 895 952
658:8231:V:482 858 91 381 505
29:1776:C:
665:4240:C:721
299:3908:C:882 515 438 155 329 891 946 855 239 769 597 573 867 483
78:3593:C:538 188 202 330 93
978:8012:C:700 806 492
671:5382:V:281 669 26 812 863 302
597:7872:C:797 812 748
287:3616:V:67 369
453:8936:C:92 2 736 348 476
300:6579:V:271 889
164:1071:V:210 859 819 593 812 20
697:2425:C:770 178 597 969 291 318 626 200 546 558 251
44:7942:V:654 771 602 963 125 299 38 260 216 606 167 581 877 337 825 51 405 403 846 765 903 1
588:8254:V:529 312 47
755:7352:V:244 85 606 222 154 880 750 322 714 517 891 420 671 436 843 900 774 717 326 176 169
979:6045:C:218 245 304 124 652
645:6351:C:
471:6513:C:609 787 595 89 17 440 264 26 314 921 608
913:854:V:160
151:4188:C:286 367
377:958:C:656 700 908 863 492
0:1557:V:144
223:4178:C:167 311 420 468 536 114 435 388 491 373 243
712:6413:C:370 711 415 251
609:6263:V:248 730 943 76 539 563 868
73:8915:V:
587:897:V:922 476
919:3611:V:762 563 319 889
551:5106:C:117
145:5810:C:91
336:6412:V:239 159 769 785 250 470 478 505 49
589:9585:V:311 409 239 718 343 446 769 340 174 291 318 158 742 363 221
862:2228:C:373 758
977:8901:V:342
364:2855:V:
331:9239:V:448 669 475 401 365 11 816
983:918:V:211 872 842 844 180 149 296 892 73
432:154:V:187 400 728 456 649 677 27 293 960
679:9566:C:305
950:7915:V:970 52 452 288 690 44 654 771 306 599 958 644 550 299 575 894 50 253 779 981 215 688 7 876 825 501 444 282
273:698:C:318 585 842 173 133 463
195:2295:V:566
393:818:V:851
160:4827:C:
249:7625:C:163
772:3838:C:729 31 81 959 184
238:8826:V:130 557 182 780
217:589:V:547 128 755 568 964 99 918 127 7 753 609 979 83 810
332:2382:V:95 148 207 388 712 243 705 625 428 767
995:5901:V:
91:4453:V:280
353:8863:V:363
31:6481:V:95 202 819 895 211 302
663:7593:C:
208:3303:C:205 334 859 798 585 743 646 183
554:5934:C:904 168 779 90 416 688 272 728 855 529 408 762 51 873 534 849
119:3463:C:633 568 882 925 290 74 84 432 793 835 377 359 488 731 302 938
124:2855:C:82 860
198:4412:V:704 121 363 893
371:3656:C:773
951:4239:C:580 979 697 593 357 943 183 534 546
552:3636:C:
738:4531:V:
605:6403:C:579 165 115
509:6875:V:812 949 460 601 666 93
661:6978:C:41 532 11 933
461:4199:V:811 158 266 378 482 994 321
12:3048:V:79 98 596 531 846 291 823 184 323 888
398:6329:V:
878:3028:C:299 917 864 583 886 216 88 760 682 956 84 222 427 585 274 820 325 788 831 33
655:7685:V:14 249 333 653
156:4184:V:387 210 81 236 174 976 338 934 16 921 702 865 286 757
888:3024:C:252
270:6122:C:
70:8092:C:874 481 909
68:4109:C:572 298
352:430:C:814
107:5155:C:732 951 89 153 197 502 769 943 273 487 885 478 948 282 346
972:5885:V:474 481 719 759
954:9773:C:321 5
576:6374:C:912 2 574 182 221
326:2539:V:561 977 748 542
707:1445:V:
557:5211:V:266 631 645 767 270
517:1377:C:589 396 210 468 304 347 631 173 262 180 941
988:5940:C:
993:5805:V:794
450:4787:V:329 979 405 770 545 454 353 372 151 392
752:7084:C:128 864 515 438 598 90 84 177 918 322 877 387 768 932 16 277 165 413 965
646:3767:V:
251:9461:C:252
845:483:C:680 943 391 854 954
399:1948:C:754 937 590 782 877 354 153 134 641 262
763:598:C:459 975 840 470 582 149
424:5730:V:816
135:5067:C:944
295:867:V:443 255
383:824:V:957 358 144
638:4116:C:
224620
230612
198771
157609
193860
163254
182409
226114
251626
179917
239112
154003
229852
229163
234547
157187
229740
165568
160492
184061
154616
50423
177768
200257
197805
162098
160419
92601
262729
209334
62458
270504
236688
254822
162814
185437
214377
177870
255896
67369
201909
217148
189964
240565
58112
258743
236758
205105
241376
218886
191984
169036
159638
256322
264773
188811
201381
176881
157646
180462
207740
49458
260389
237217
202907
246213
172192
213113
207619
177141
208233
225833
100941
249061
181856
167002
184094
259588
254910
156704
232247
166070
164335
229338
163530
219947
189956
208246
168759
234170
227749
95400
180040
76408
257367
198468
195338
201169
71783
171407
