142.83324271194948
481.42096235442807
38.06098122046092
991.2911858904049
567.2113388101471
Impossible
741.463110667996
Impossible
466.2724564412747
510.48117721404714
34.505834622945336
717.4647931206381
412.6120524379501
751.0826894317049
545.960097499323
754.712425224327
973.6541920765147
349.13630850307413
Impossible
401.9501625135428
850.7446410767697
740.5907278165504
936.0622413314029
83.31590614412983
190.20034296708354
673.9702766699901
Impossible
157.13747961018862
534.964340525413
472.42935812945746
385.4475795688288
801.9223579262214
804.6875
764.5656779661017
900.291313559322
560.1877764737745
428.5998013902681
912.041708711739
972.5719884759941
309.6950938976954
805.9727068793619
997.5723540853186
638.4440428713858
974.005177028035
422.99359032228944
660.5885468594217
552.8843549697572
Impossible
688.5281655034895
810.2022058823529
953.1069480396028
679.648554336989
584.9237158075291
640.0797607178465
708.6942298105683
754.5800099700897
605.9492642412206
289.2007193943703
725.1604561316052
296.8965661466393
816.0362662013958
667.4663509471585
761.2942422731804
Impossible
605.8950979507086
316.1780082814003
906.8108175473579
413.31157054769676
121.37688736459074
902.2853315054836
231.2727424819106
193.044460245096
617.1165478017514
582.3959555836418
195.67945125266635
823.9266575274178
377.05466560709357
Impossible
364.2352252289933
433.33032409497156
344.78648207787865
483.6959465559267
806.541313559322
542.2406788841744
191.16232381111718
Impossible
870.9496510468595
Impossible
910.6012079732081
612.9457434323373
Impossible
556.585718154735
898.7334870388834
460.47666335650445
712.3707003988036
756.9946410767697
899.7538634097707
645.0336490528415
82.64670207871512
97.57831778828057
