1000
12:5989:C:
780:3464:V:
990:4479:V:307 541 373 27 676 888 308 919 286
429:8480:V:970
873:6235:C:194 208 823 448 680 102 17
737:5216:V:51 680 358 764 847 924
587:4193:C:
501:7039:C:356 287 868 16 273 329 14 414 502 57 110 766 826 435 30 508 933
192:6072:V:739 457 602 822 746 780
787:141:C:824
781:1635:V:464 308 654 529
534:3989:C:22
426:6267:V:302 324 644 30 267
129:293:C:
915:5615:V:54 670 357 545 284 532
287:1804:C:492 289 536 549 902 584 421 362 247 93 809 101 772 240 899 62 148
695:9554:C:
578:1249:C:586 161 702
283:8670:C:912
122:7295:V:
953:4654:V:139 548 272 940 815 202
493:8985:C:263 921 676 224 173
652:4875:C:431 370
214:5536:C:537
158:756:C:434
771:3665:V:947 740 721 217 326 181 779 175 387 160 106 507 157 972 341 909 345 782 352 443 420 141
508:3876:C:
683:7823:C:36 341 328 399 416 255 15 186 375 99
635:7081:C:
128:6278:V:807 694
926:7393:V:85 697 256
988:1209:V:25 155 60 70 311 198 256
523:9900:C:974 360 590 833 553 186 6
245:5780:V:563 64 427 235 434
180:1020:V:443 632 736 122 589 576
690:3295:C:607 44 25 755 820 635
402:358:C:926 797 538 131 275 931
731:8178:C:375 978 462
131:9332:V:388
630:2441:C:320 25 45 987 365 149
836:8728:C:
235:4943:V:153 835 981
178:6903:V:476 108 762 84 11 947 740 477 217 326 175 816 941 289 993 656 570 406 533 269 775 703 188 951
266:2680:C:703 409 148 382
294:2512:V:163 674 492 894 549 902 584 783 309 758 637 366 97 134 704 244 638 908 431
233:8285:C:89 874 436
790:208:V:957 838 13
145:5850:V:257 272 747
113:6006:V:651 900 110 944 998 773
469:3550:V:985 79 457
141:3712:V:
265:1585:V:658 522 360 210 889 696
18:4165:V:
907:7707:V:335 428 817 548 282
821:5473:C:
567:7128:V:
991:8327:C:321 300 60 358 739 964
304:1770:C:708 339 317 469 707 944 98
303:5994:V:871 674 281 492 132 86 902 584 241 934 309 984 745 307 242 238 171 734 808 305 293 553 866 333 313 698
434:5613:V:
156:3853:C:765 483 644 622
579:7906:C:533 897 341 210 887
522:7203:V:954 818 194 707 338 845 968 842 319
813:6284:V:760 930 599 334 776 57 83 524 625 321 474 139 131 802 695 611 388 752
580:2893:C:191 839 9 441 684
75:8283:C:982
549:2643:C:242 195 563 302 306 446 539 478 649 457 788
140:1720:V:96
350:358:C:844 920 253 809 28 462
629:7284:C:951 272 451 91 343
170:6315:V:644 931 780
77:2462:V:63
840:6936:V:979 319
208:3926:V:6 571 616
816:243:C:668 160 713 209 412 307 723 891 350 330 832 754 879 532 918 311 256
223:4367:C:422 502 618 948 464 5 612 681 338 441 65 687
639:9275:V:846 294 542 868 536 227 86 290 121 588 749 725 972 522 321 703 506 280 279
261:5056:C:982 37
772:3988:V:781 466 553 190 576
883:5583:V:588 404 438 920 888 253 761 117 480
998:1676:V:605 486 456 383 388
442:6742:V:223 545 439 446 284 94 731 835 815 824
647:8870:V:117 107 770 478 694
757:3305:C:469 707 137 519 177 593 310
801:8452:V:627 190 164 836 383 687
290:6879:V:813 759 544 314 115 180 995 381 139 960
566:5481:V:
872:3141:C:133 765 135
515:2925:V:423 279
314:9340:V:573 842 739 635 714
910:1036:V:96
596:5185:V:209 103 159 16 425 934 384 191 839 644 806
301:6309:V:578 395 154 409 283 95
710:8019:C:962 537
430:8355:V:338 807 140 631 933 257 940 910
933:9867:V:
97:3582:C:612 704 400 592 352 845 416 9 274 0
161:2781:V:611
120:5061:C:945 323 242 406 814 308 919 754 876 836 886 736 46
646:8088:C:
552:3330:C:551
424:8262:V:881 782 230 574 619 602
913:9100:V:
259:1316:C:646
783:2733:C:425 470 493 263 794 363 706
445:6578:V:408 102 616
67:334:V:249 931 98
536:507:V:549 799 994 242 354 883 896 513 814 67 139 753
509:835:V:189
27:8838:C:522 955 953 338 365 650
559:6945:V:785 303 779 88 922 213 163 674 941 289 902 993 934 273 645 49 363 332 448 753
43:5199:C:287 894 759 645 304 683 595 838 765 443 938 910 702
228:1671:C:
929:5434:C:274
196:3140:C:622 440
782:3951:C:293 182 675 616
482:2705:V:663
842:5091:C:739
605:6186:C:202
366:3468:C:809 360 950 485 338
98:4630:V:
843:8821:C:220 474 168 429
764:8412:V:29
119:5977:V:
124:2199:C:588 905 579 342 295 704 317 754 960
465:6434:V:303 871 922 213 19 549 209 813 103 859 943 151 723 844 756 728 36 704 262 912
90:4664:C:
443:6710:V:140 58 626
472:5271:V:883 662 233 578 376 556 886 319 819
276:1062:C:998 53
431:3066:C:739
674:7675:V:941 132 216 584 688 720 14 470 195 808 415 422 468 954 7 569 521 347 437 681 755 385 602
289:222:V:536 827 505 493 384 526 125 577 710 736
103:405:C:109 229 756 524 939 573
211:8849:C:151 588 972 591 464 378 426 563 452 52 889 177 244 640 910 932
973:6981:V:69 887 409 652 835
464:8525:V:234 469 446 293
331:8872:V:440 893
232:6496:V:928 781 453 999 324 128 443 148
919:1621:C:732 484
851:6317:V:
132:3257:V:827 596 290 505 584 715 225 554 470 914 905 712 897 347 393 478 433
399:5096:C:483 407 91 964
774:6701:C:920 580 757 72 134 445 797 172 333 548 840 913
351:5576:V:807 552
42:4368:V:737 672 527 717
166:3930:V:961 205 815 746
709:3358:C:861 290 720 120 570 928 502 468 444 926 352 619 193
95:3334:V:343
460:5882:C:126 383 91
715:6194:C:859 41 26 723 349 707 397 489 331 650
477:1132:V:181 559 785 779 175 50 88 163 713 941 86 641 479 442 146 725 366 304 580 679 510 452 259 60
978:4331:V:
863:3969:V:671
101:3517:C:115 873 332 172 226 70 319
808:6742:V:662 872 801 76 961 369
576:1480:C:
572:3717:V:837 809 56 408 61 390 433
244:6688:V:38 916 457 576
584:9009:V:80 49 883 776 184 662 194 208 999 578 230 574 949
562:151:C:925 314 208 237 420
870:431:C:804 339 703 647 448 632 959 46
769:5027:V:968 311 671 205
527:9765:V:201
277:7311:V:360 516 234 426 466 333 119
623:9996:V:594 703 718 640
857:23:C:19 86 861 596 241 645 80 570 472 355 513 299 761 558 318 459 379 608
619:6359:C:951
734:7582:C:588 252 972 928 896 658 719 873 177 450 731
661:1136:C:634
24:7249:C:175 668 791 536 549 656 120 974 670 756 183 97 36 378 525 76 939 634 836 764 989
484:8187:V:880 652 509
193:1088:V:527 964
252:7580:C:39 458 77 566
846:7116:V:871 88 536 549 71 902 80 623 150 907 428 592 376 325 15 158 918
88:52:C:922 356 312 47 827 412 759 159 645 530 658 243 728 625 563 919 817 61 137 244
470:1424:V:723 795 572 568 253 897 884 333 960 937 910 433
413:9143:C:570 417 493 712 533 438 920 754 853 825
334:3368:V:905 767 415 804 424 179 45 437 292 480 385 193 455
302:5794:C:469 306 145
478:6434:C:12 616
904:4013:V:953 735
586:3835:V:161 913 698
300:7476:C:553 862 87
798:3194:C:599 461 531 753 158 440
257:6100:V:529
181:5359:C:303 871 88 396 291 290 505 792 546 588 415 184 655 920 809 726 680 117 515
440:9730:C:
538:9387:V:76 906 622 752
281:355:C:291 86 585 792 546 413 105 242 472 795 956 513 363 170 786 950 118 532
59:4283:C:281 289 861 715 309 346 898 794 366 28 754 556
412:3792:V:329 867 265 502 57 299 837 1 258 452 64 333 710
306:8197:V:77
681:3419:C:220 201 964
662:5571:V:765 593 63 58 940
356:9361:C:86 209 479 882 993 581 570 883 974 212 93 438 804 948 803 194 469 324 409 164 631 862 852
153:7357:V:564 107 731 856
890:2745:C:
943:5903:C:613 14 146 404 422 204 775 955 428 885 79 34 503 251
983:3147:V:331 824
641:3313:V:677 151 39 888 150 642 605 177 203 852
773:4837:C:256
280:2268:C:509 29
63:2680:C:
543:5644:V:286 282 297 856 310
491:2802:V:
699:4902:C:818 308 231 842 22
14:3102:C:520 366 804 683 946 962 735
928:7779:V:458 778 521 262 198 852 496
332:554:C:444 61 432 949
386:8420:V:
40:3876:C:895 158
795:2055:V:658 377 199 220 439 76 126
321:9668:V:125 408 521 156 680 960 76 138 697 663 202
6:6997:C:862 196 418 600
762:5858:V:84 11 947 768 477 721 217 326 518 222 816 668 401 733 356 709 227 549 861 849 585 16 442 146 776 658 253 828 595 612 950 300 860 0
138:2253:C:480
727:6502:V:686
601:8334:V:759 394 720 546 831 442 487 756 814 590 567 988 704 958 199 488 130 313 663 821
723:634:V:599 844 604 775 647 51 924
673:7379:C:39 360 903 942 864
488:344:C:825
10:1134:C:753
38:1602:V:675
0:5256:V:
791:7682:V:281 941 549 744 394 990 867 467 347 789 282 34 978
285:7727:C:781 378 259 906 933 802
634:6649:V:
560:9350:C:880 551 777
655:1544:C:927 900 575 654 608 935
452:7483:V:172 418
264:6432:C:972 299 814 967 832 133 545 42 782 206 450 85 130 313 203
311:3250:C:
517:3057:C:222 639 763 816 846 922 997 132 799 209 798 174 273 413 725 410 814 374 948 100 345 999 926 348 911 300 62
207:3572:C:179 521 235 889
631:4894:V:202
338:3615:C:593 853 851 932
989:9840:C:824
23:4936:V:378 180 29 819
36:5940:C:701 280
806:801:V:55
937:8629:V:534 989
415:5842:V:305 896 967 150 828 706 190 0
541:8056:C:349 438 357 253 967 321 21 351 53
633:8780:V:12
241:1963:V:16 323 928 524 729 378 186 842 87
546:8295:C:16 425 723 252 392 1 781 445 235 543 643
967:5271:V:741 643 638
689:180:V:585 80 597 350 883 265 357 594 595 2 300 736 961 913
845:1493:V:190 32 70 932
447:8675:C:477 217 181 559 518 779 922 401 713 47 316 174 745 165 599 658 342 604 127 240 464 125 873 903 185 297 55 964
729:1225:C:548 32 63 714 99
375:8181:V:
554:1122:V:110 51 372 634 933
213:5714:V:993 241 174 613 750 422 342 317 919 553
899:8686:V:586 190 368 695 419
500:2488:C:
79:9152:V:
698:5151:C:
788:8309:V:
716:8999:V:587
924:6972:C:298
550:6663:V:340
700:6296:V:47 546 943 41 984 171 157 410 810 565 399 911 395 107 90 481
496:7144:C:
492:9760:V:941 19 868 132 71 759 930 425 943 8 914 124 232 350 749 221 972 305 513 778 430 560 489 173 496
202:9535:V:
446:990:C:167 188 131 148 842
105:9791:V:990 171 334 57 150 206 416 640 457 717 496
831:4436:C:254 461 410 618 955 320 765 807
87:55:V:
868:2600:V:86 827 993 159 667 254 990 590 189 777
453:395:V:918 634
898:4663:V:923 39 57 565 567 563 545 737 484
553:6734:V:197
61:1464:C:483 282 631 91
962:7514:C:862
959:8495:C:514
406:3706:C:662 927 884 208 348 614 244 840 952 576
231:9696:C:148 497
451:2710:V:173
938:2516:V:856
743:1587:C:878 143 414 956 728 361 360 766 872 364 467 606 823 845 931 611
507:2203:C:123 859 254 355 112 245 563 681 986 980 644 802 12
803:4956:V:328 348 551
51:7880:V:866 628 815
372:2949:C:489 886
174:4414:C:16 554 54 334 461 39 580 679 612 328 998 889 77 583
450:3009:V:631 63 433 716
437:2454:V:609 70 931 311 515
703:9380:C:895 31 331 686
895:3895:V:31 407
828:9854:V:781 704 609 190 714
805:696:V:349 975 143 844 712 520 304 127 110 85 908 933
551:8974:C:279 267
875:1845:C:452 980 142 478
395:4507:V:910 251 616
830:8550:V:988 704 172 730
832:5168:C:521 797 537 714
595:1265:C:280 929 671
388:8179:C:
617:2658:V:716
961:9192:C:122
656:9695:V:157 523 725 223 414 247 811 967 903 76 475 939 933
455:9625:V:
660:3377:V:
854:7053:C:
267:6208:C:
658:2115:C:1 855 207 692 801 156 970 457
862:7850:C:18 193
996:9844:V:57 837 625 280 652 383
628:9813:V:537
107:4264:C:764 812
793:658:C:203 419
11:7646:C:771 947 740 217 326 181 559 992 222 785 922 501 668 163 281 19 641 792 993 68 546 930 422 991 115 364 826 946 246 454 368 102 296 12 256
954:850:V:127 485 177 214 566
376:842:C:892 192 901
152:9384:C:
760:7486:C:425 859 41 844 21 199 741 845 429 153 918
896:6879:C:662 900 719 239 571
205:3298:V:566 279
365:9853:C:660
548:6585:C:638 197 812
333:4051:V:807 77 970 552
849:9421:V:915 479 813 103 68 507 724 41 232 223 565 194 666 333 574 443
357:8837:V:101 761 426 208
886:1703:V:
817:1022:C:654 836
518:1623:C:992 222 639 387 997 396 160 941 209 479 106 353 8 54 905 875 810 253 298 37
975:1846:V:342 706 134 136 333 441 473 148 906 337
809:2763:V:683 240 839 74 838 765 142 680 420
999:6427:C:853 652 141
100:1518:C:598 985 742 448 538 937 297 256
441:7210:V:286 450 98
653:7129:C:940
150:1842:C:266 219 448 60 593 527 149
905:1725:C:414 954 127 909 592 300 37
126:5636:C:854 821
147:8877:C:122
362:297:C:417 974 502 513 843 926 573 98
614:1664:C:230 239 75 454 643 325 863
696:1738:C:296 141 319
106:8806:C:677 808 243 625 991 535 474 237 192
260:2127:V:
238:2690:C:673 124 774 101 521 835
215:3642:V:725 670 112 948 726 475 375 552
963:329:V:
112:968:C:615 926 206 578 117 443 6
344:2256:C:272 436 382
574:7374:V:509 0
763:4210:C:779 846 501 668 163 542 857 689 291 71 799 290 412 241 403 165 750 49 996 975 461 972 305 590 239 634
980:3522:V:
316:5545:C:859 831 413 677 105 645 421 417 749 900 590 234 391 156 261 845 423 812
320:296:C:302 375
563:34:V:912
448:2804:V:
785:1891:C:387 941 894 536 291 227 792 759 993 720 254 413 80 524 366 728 110 429 983
102:9782:C:
894:6090:V:601 596 412 610 403 105 905 923 83 604 706 651 207 800 339 156 248 338 564 481 149
35:9745:C:996 891 143 728 651 444 726 167 506 202
490:7043:C:250 747
841:5953:V:
330:7642:V:665 699 896 565 781 69 32 669 617 552
298:9929:C:382 841
786:1654:C:754 324 398 650 500
342:8374:C:869 839 400 843 292 769 161 200
164:6566:V:739
68:7320:C:403 123 254 413 743 522 855 321 471 220 730 654 441 710 908 96
751:34:C:26 470 975 870 679 322 545 192
847:5099:V:
408:9939:V:339 693 614 937 638 176 496
176:4233:V:433
341:1207:C:909 308 56 51 889 593 564
411:8549:C:67 45 182 486
707:8729:V:
505:3050:V:977 251
359:9358:V:169 826 75 196 617 481
792:4956:C:581 159 80 307 49 124 975 169 377 903 486 815
657:4601:C:798 930 413 645 570 524 52 840 509
820:5014:V:
136:260:C:845 960 820 310
504:7212:V:896 948 950 408 172 230 148
179:534:C:147 931 527 576
976:9599:C:188 880 860 854
749:5474:C:223 670 366 426 268 680 140 962 482
31:8377:V:
704:2617:V:803 748 208 926 94 138 874 687 932
159:5249:V:720 613 254 990 554 3 516 958 28 389 205
916:7651:V:
70:5280:V:
62:2859:V:429 53
94:9926:C:375 773
826:9901:C:
638:7326:C:
564:5482:V:99 90
931:4841:V:550 196 418 456
858:7571:V:634 440
824:6335:C:678 587
379:7799:V:862 198 815 455
502:9330:V:320 960 358 107 862 856 257 129
902:180:V:792 720 174 273 831 26 329 14 984 805 330 837 341 115 142 823 817
585:7357:C:241 273 470 151 883 794 567 450 164 31 697 102 99 965
243:4361:V:438 651 448 998 697 272
462:9363:V:611 566 600
39:6192:V:400 890 842
182:6783:C:189 702
409:2120:C:282 65 126 989 824 481
712:7342:V:976 655 729 817 960 368 251 82
217:4680:V:326 181 518 501 492 868 209 991 446 605 351 736
382:5849:V:
850:5867:V:229 361 371 697 369 989
745:8087:C:7 569 594 828 142 344 441
691:8685:C:161 462
530:2164:V:570 195 54 579 305 619 441 130 769 608 91 279
177:3440:V:15
829:8070:V:353 688 544 743 35 49 349 878 954 162 958 995 446 710 327
403:8252:C:151 502 810 927 381 244 509 420 854 671 327
4:3256:V:619 490 908 686 924
387:2801:C:668 894 41 105 984 470 865 520 410 1 690 101 538
394:2815:C:421 146 143 927 604 809 706 764
797:5016:V:390
823:5380:V:998 889 586 145 497 500
537:6076:C:
60:5216:C:137 102 608
582:3172:C:325 796
539:6889:C:578 880
96:4076:C:551
986:3342:V:441 107
583:2468:C:87 311 198 852 95
348:4223:V:845
291:1399:V:585 934 165 623 221 330 184 224 100 302 328 338 376 324
679:7790:V:428 156 946 91 440
561:8787:C:347 306 483 879 226 840 473 37
353:7362:C:683 207 869 452 466 372 851 716 22 496
288:1580:V:32
255:779:C:450 698
719:9297:V:125 427 293 190 856 481 37
736:7274:C:365 600
421:8218:V:195 599 725 875 144 814 374 830 651 606 680
884:2586:V:347 765 58 433 622 822
123:1042:C:232 936 184
485:3906:C:890 537
358:4594:V:251 602 256
807:3143:V:583 842 649 370
611:1431:C:423
994:5328:C:349 776 974 712 774 810 811 526 240 321 701 644 0
730:2573:C:889 4 173
947:6369:C:768 477 721 326 181 24 639 88 160 401 894 917 479 759 159 544 750 579 366 295 690 627 352 710 251 201
373:3191:C:195 883 143 794 963 912 298
557:1001:C:943 211 533 104 7 728 706 701 452 155 797 139 695
951:9739:V:874
157:2491:V:520 305 565 366 44 180 486
69:2683:V:117 255 286 20 186 18 173
593:3861:C:70 788
17:299:V:
979:6287:V:343 496
917:1071:V:585 174 336 211 677 80 49 350 414 988 399 985 76 929 854
299:7608:C:7 378 40 653 807 161 924
336:3722:V:990 837 113 590 719 302 866
697:3268:V:
438:5006:V:927 728 341 134 786 188 138 372 130
52:3680:C:730 586 753 962
693:944:V:578
687:1518:C:
525:4949:C:944 671
512:1173:C:702 932
308:4272:V:843 467 681 139 166 200 274
163:2701:V:505 829 425 831 49 878 36 426 118 531 261 574 564 319 365
818:8974:V:569 719 453 348 864
2:579:V:685 614 680 889 583 78
360:7088:C:510 817
433:9857:V:12 773
514:9046:C:616 847
728:341:V:855 36 5 321 872 592 653 38 834 145 603 650
337:1978:C:192
686:5768:C:
901:467:C:
725:8830:V:896 253 36 612 957 376 663 0
616:9832:V:
965:2391:C:
78:2714:C:
985:1661:C:397 85 158 173 203 965
297:6962:C:863 836
127:8632:C:839 199 826 116 753 951 6 965
914:1586:C:996 472 414 604 341 590 134 592 995 887 730 663 611
871:9935:C:88 922 501 542 868 289 709 596 254 80 974 57 212 342 562 64 435 640 769 161 514 310 365
474:6288:C:730 454 633
282:8974:C:
982:9295:C:38 583 622
608:2188:C:752
992:8865:V:785 175 922 281 19 289 798 394 105 990 994 157 599 184 342 314 778 288 282 70 99 932 893
600:415:V:
887:896:V:62 167 188 190 695 537
881:891:V:276 443 251
568:5144:V:814 191 115 872 973 293 820 858 78 369 551
923:7149:V:285 314 391 45 531 301 826
224:8981:C:45 835 952
651:4815:V:341 452 953 94 117 486
115:8190:V:44 467 180 782 381 239 619 280 102 375 173 365 714
676:9152:C:888 830 426 545 681 427 155 280 481
642:1694:V:519 736 852 924 932
833:4982:C:953 325
414:6827:C:712 305 927 224 234
649:6347:C:
753:6813:V:
944:9725:C:
167:2207:V:358 853 697 550 369
761:3863:V:261 529
918:3629:C:863 37
473:6172:V:847 46
313:1723:C:311
137:153:C:4 478 176
368:2943:C:687 893
856:3693:C:
732:5337:V:802
859:1263:V:745 570 334 974 928 212 97 790 991 118 998 486 126
384:8070:C:728 364 452 741 328 485 817 695 29 702 752
335:1821:V:558 65 937 970 166
946:7387:C:
804:5371:C:580 169 925 988 347 416 372 158
274:9866:C:
84:2516:V:11 947 721 181 992 222 785 639 175 387 50 356 281 941 19 216 902 596 103 724 307 604 888 580 428 646 938 436
326:9083:C:559 518 785 763 396 668 160 312 894 291 585 792 159 724 14 891 565 494 976 729 651 958 716
46:9606:C:
422:1744:C:814 97 580 118 545 94
48:728:C:360 828 335 748 531 488 478 192 695 515 924
279:1028:V:
312:7148:C:657 798 187 307 767 39 662 630 642 62 148 874 702
20:854:C:835 407
258:4053:V:592 13 962
135:5016:C:866 892 529
834:7841:C:455 327
968:9197:V:340 173
577:4784:C:368 55 540
955:5923:V:973 351 65 937 731 906 196 529
309:8621:C:470 570 651 233 210 817 293 145
89:3148:C:880 450
349:4972:C:878 218 277 855 446 730 654 337 197
770:5449:V:
759:6756:C:403 656 121 588 415 974 658 618 438 625 322 56 156 919 352 231 429 33 46
880:220:C:
588:8484:C:975 410 572 888 729 351 548 486 626
254:4948:C:346 242 195 599 976 920 1 234 647 137 78 812
292:3058:V:29 965
364:8012:V:525 556 672
670:6778:V:359 150 224 378 248 293 239 75 432 37
83:80:V:516 510 755 177 906 457
186:1991:V:337
7:4972:V:811 328 381 736 587
439:6944:C:34 325 886
714:3031:C:624 777
185:3150:V:94 420 608 271
361:5095:C:360 855 897 843 402 111 853 576
247:1411:C:568 524 93 604 360 328 647 742 737 820 509 842
144:2993:C:299 253 448
385:6682:C:626
794:3099:V:184 676 595 839 378 64 317 960 577 519 633 141
533:6204:V:247 872 789 142 654
30:4312:V:145 365
531:1436:V:860 313
284:6166:C:614
54:4224:V:665 504 21 605 753
542:9131:C:674 733 19 894 289 544 273 523 974 263 406 872 308 12 824
694:5187:C:965
236:8472:C:760 16 146 891 618 814 839 67 210 491 769
454:7994:V:910
906:4845:C:910
581:5121:V:229 232 776 909 210 230 638 78
885:2610:V:529
547:2621:V:817 632 78 935 965
545:4081:V:448 506
927:1914:V:942 483 9 443 836
220:5441:C:904 79 661 933 462 457
419:9410:C:
718:4913:V:262 819
520:4004:C:97 321 986 856 812
733:1149:V:287 132 479 66 165 898 972 665 406 199 485 919 486
945:234:C:215 723 171 794 513 772 194 136 230 167 429 924
198:4498:V:
410:8658:V:818 139 280
758:4715:V:415 665 810 761 707 260 686
974:4339:V:39 655 595 909 946 995 885 840 140 961
390:7285:C:519 880 6 626
3:5985:C:533 618 261 416 429 710 702
724:4211:V:309 14 975 444 317 180 235 142 77
750:4199:C:355 502 305 57 494 93 438 604 940
201:2144:C:
665:2896:V:928 921 468 150 268 446 226 654 640 770 176 663
964:2274:V:576
558:5862:V:786 56 466 270 409 344
529:7876:C:635 193
391:4923:C:980 866 164
827:2791:V:715 493 599 956 522 869 988 903 478 434 481
323:1886:C:923 355 458 804 127 948 569 74 606 514 201 481
756:9182:C:804 304 285 703 474 866 577 840 503 812
812:4602:C:
476:537:C:108 84 947 477 721 217 518 222 763 175 816 387 871 88 294 668 857 601 290 720 336 329 723 461 811 786 246 564 489
688:1578:C:8 658 522 127 150 100 547 553 381 188 153 158 965
19:1025:C:86 596 641 584 724 92 955 664 345 823 646 107 856 952
81:8611:V:563 308 10 874 310
692:2285:V:72 598 826 797 13 261 9 382
253:4862:V:558 681 506 90 932
643:3395:V:571
810:6499:C:45 986 951 102 963 912 173 616 702
935:4688:V:
165:5251:C:264 232 676 320 233 866 652 644 460 626
134:5489:V:314 950 980 885 376 892 773
675:5176:V:198
869:8729:V:167 784 244
993:6527:V:507 945 242 891 670 127 101 781 258
104:951:V:93 888 150 318 485 663
64:5349:V:172 519 107 161
212:2269:V:681 331
149:1215:V:
903:6133:V:390 15 952
56:1079:V:45 439 980 4
49:3219:V:996 844 437 60 851
909:2116:V:538 237 114
876:3794:C:
752:9481:C:
900:1495:V:378 248 158 714 99
381:247:C:65
636:1969:V:281 336 309 307 891 905 520 565 224 877 786 471 469 480
940:423:C:198
972:3659:V:247 818 590 5 245 156 137 15
866:6085:C:963 176 201
392:8689:V:7
190:6000:C:652 462 961 22
155:8532:V:231 61 141 913
468:2824:C:438 591 782 659 351 736
378:2061:C:199 62 732 63 638
526:8760:V:988 748 531
33:5050:V:15
524:2893:V:954 590 220 619 652 940 819 702 496
188:8782:C:807 906 343
346:7938:C:637 883 3 844 56 266
121:4114:V:264 579 804 592 582 262
340:9643:V:702
878:5178:C:795 265 144 247 561 38 192 964
789:7969:C:31
908:6550:V:622 99
142:7942:C:962 802 910
612:1018:C:110 466 642 755 578 858 462
29:9347:V:298 893
708:1584:C:884 194 328 9 853
956:995:V:131
195:1453:C:956 618 240 134 545 15 968 407 22
528:6112:V:559 639 763 175 88 289 601 412 813 759 831 26 914 756 920 839 302 397 560 982 968 635
984:2506:C:157 406 618 363 516 142 998 730 519 131 85 918 649 622
835:7819:V:319
667:9553:C:174 14 533 884 563 999 946 926 644 30 200
498:6955:C:
32:9044:V:807 297 203
250:8553:V:714 46 964
597:832:C:264 865 414 756 259 998 730 587
602:799:V:
784:1996:V:628 297 587
606:8842:C:318 484 652 473 686 98 635 22
891:7663:C:928 93 266 118 459 117 9 669 431
66:8952:V:105 151 597 972 665 127 625 101 803 208 474 231 239 388 496
486:5836:C:908 686 796 650
50:5309:V:846 922 674 941 894 700 291 216 799 641 16 990 588 334 712 410 57 322 919 995 446 13 376 117 152 548 731 490
506:5736:C:892 283
325:8957:C:802
765:9350:C:860 499
369:1864:C:496
702:6324:V:149
768:2249:C:447 477 518 785 303 846 668 894 902 759 254 415 263 837 437 737 239
648:6673:V:587
345:8464:V:182
173:1968:C:736
363:6562:V:683 892 433 319
273:3203:C:670 266 469 707 61 965
565:457:V:134 270 251
861:6086:V:849 394 934 984 705 725 93 430 180 248 820 331
417:1857:V:523 195 54 520 591 580 855 789 605
934:776:V:124 121 502 1 877 110 258 531 60 167 358 76
615:3626:V:136 647 135 532 937
865:460:C:330 579 520 522 848 100 347 519 583
339:6898:V:703 300 167 90
184:7762:C:513 150 925 282 140 802 695 822
425:196:V:223 39 810 308 408 437 605 571 512
227:8413:C:549 641 915 688 120 171 493 591 7 594 567 10 963
589:3241:V:
480:8696:C:
755:3573:V:840
960:5372:V:784 978 602 600
680:2127:V:754 583 331
626:8053:V:201
187:9198:V:750 976 538 716
777:1706:V:
404:5578:C:725 341 839 547 255 602
882:5748:C:688 994 330 97 191 800 100 753 244 369
640:1199:V:
966:3053:C:559 992 222 396 668 160 542 356 287 19 894 700 290 915 105 945 975 330 299 463 234 471 328 161 963 940 716
864:1238:V:
343:5304:C:
230:3642:C:949
329:6627:V:994 795 263 682 231 480 114 746
226:4370:C:964
775:332:V:629 892 564 176 716
610:6954:C:715 241 349 844 357 428 261 197
987:6032:C:239 333 409 244 262 122 924 587
262:7852:C:550 129 969
952:1412:V:
741:6106:V:707 680 939 822
822:8335:V:
799:350:C:412 546 413 242 442 299 620
41:7254:V:541 878 143 522 93 757 567 331 451 777 37
713:3190:V:492 291 209 557 760 554 530 597 725 548 962 386
746:1978:V:824 893
997:3961:V:542 281 868 700 174 16 656 898 665 93 590 909 704 185 703 28 642 626 979
154:9264:C:916 935 812
225:7086:C:546 323 599 975 252 438 383 340 141 279
754:3572:C:53 480 176
659:2471:V:
47:8151:C:227 641 479 751 859 105 8 242 569 634 929
435:9813:C:79 148 573
296:556:V:197
444:7236:V:903 789 693 614 158 949
573:24:C:842 95
307:6079:C:898 81 884 399 136 995 693 117 168 409 906
206:7597:V:893
711:3033:V:788
203:2323:V:989
556:7028:C:654 12 228
893:2703:V:
922:1820:V:281 19 709 827 915 882 316 123 934 945 867 795 468 706 567 469 685 802 383 17 616
487:4371:V:48 658 269 786 266 428 53 192
110:5453:V:748 210 741 61 874 29
624:1314:C:
278:3022:C:154 538 853 489 325 608 852
270:4901:C:429 382
200:7223:V:747
717:6440:V:
511:5982:C:490
618:2149:V:516 134 970 529
377:9540:V:595 884 364 707 259 274 694
463:2922:C:125 707 381 131 731 643 739 386 200
16:2374:V:943 758 330 928 888 775 631 640 98 714 527
197:4362:V:
721:9232:V:217 326 181 518 639 50 396 492 312 601 849 412 792 798 236 507 41 645 323 470 541 808 207 839 320 266 467 691 33 164 375 851 407 197
925:7531:C:45 167 76 34 481
183:7209:V:837 703 338 282 480 913 369
305:3223:C:115 110 292 852
146:1590:V:891 195 888 855 651 531 693 931 201
666:2608:V:514 462
93:7324:C:36 453 547 652
116:987:V:841 587
815:4656:C:
269:5138:V:900 980 296 616
405:2989:C:276 879
171:5191:C:914 579 522 524 101 110 94 860 951 788
189:2027:V:695 969 202
458:1335:V:794 625 630 426 427 485 155 190 684 769 638 340
428:7740:C:156 485 311 343
432:3452:C:63 858
513:394:C:704 67 352 62 188
162:1110:V:680 60 138 432
592:6850:C:789 155 376 368 939 488 906
407:5888:V:
838:8017:V:553
510:9432:V:547 983 385 908
852:9268:V:
249:3141:V:431 462 481
499:464:V:
748:6697:C:953 203 311
111:1598:C:300 230 978 369
663:9923:V:515
318:3353:C:553 511 331 608 534 566
237:2426:C:746
632:5794:V:78 122
393:9640:V:574 244 385 193 694
957:3506:C:478 296 440 969
958:5223:V:703 787 960 145 203
677:888:V:35 221 330 113 591 595 612 578 154 938
221:8176:V:897 463 199 741 32 38 663
495:656:C:893
720:622:V:745 883 928 756 655 150 405 516 991 352 527
591:2643:C:510 845 4 632 684 389
532:3305:V:131
398:2249:C:382
644:7320:C:148 319
800:9308:C:64 28 742 835
263:6094:C:212 920 640 876 202
65:8131:V:189 603
327:5060:V:
86:7399:C:861 641 783 241 123 645 945 502 408 345 973 807
218:9426:V:625 335 925 258 98
747:2273:V:
72:2670:C:471 509 716
853:8889:C:638
108:7065:C:11 947 740 477 217 222 387 846 88 160 791 530 734 670 665 502 971 580 204 162 301 937 78
466:5108:V:76 619 906 970 963 503 929
22:5446:V:
459:271:C:429 131 53 280 856 433 189
811:7367:V:761 100 259 276 61
168:1237:V:644 489
766:4711:V:592 737 131 551
874:3680:C:
949:3565:C:
489:4646:V:
620:7196:C:926 578 583 331 550
570:476:C:723 171 795 504 568 332 302 136 261 532 33 593
521:5559:V:338 61 787 717 773 624
519:698:C:631 18 462 611
796:9809:C:
374:7248:V:363 683 56 592 286 631 6 634 874 935
645:5760:V:127 115 153 940 611
594:6678:C:101 900 463 308 199 180 176 456
216:4227:C:799 993 413 990 673 334 221 712 954 169 526 377 293
571:2173:V:
324:7885:V:583
995:6278:V:797 944 885 409 38 952 37
114:4744:C:672 648 822
802:7054:C:
272:7243:V:686 694 949
668:7970:V:492 700 132 291 412 783 159 930 14 976 295 97 761 708 614 555 912 141
151:7932:V:723 144 355 896 342 299 524 877 789 642 737 182
73:530:C:287 861 479 813 159 174 943 92 725 665 837 781 426 67 531 135 348 172 65 382
315:6774:C:544 831 120 422 794 756 927 391 210 587
742:2447:C:
481:8346:C:600
685:8164:C:278 963 722 313
494:7617:C:184 240 270 534 527
609:8251:C:237 176 854 37
613:8996:V:26 334 808 670 392 756 664 156 469 999 10 284 889 436
654:9108:V:631 375
855:449:V:778 873 133 28 188 368 963
222:7252:C:763 922 59 542 791 289 86 759 225 798 315 745 623 869 56 348 985 358
139:6871:V:372 70
92:2998:V:307 891 975 93 593
575:810:V:380 853 18 716
240:5581:C:598 748 642 61 687 886
199:8086:C:266 64 939 962
286:1241:C:807 145 910
396:8680:C:213 492 132 241 232 195 923 414 761 884 328 293 9 753 140 711
175:3819:C:816 387 542 356 289 861 813 882 677 850 242 570 504 676 955 478
932:8661:C:
380:8801:C:511 852
109:6700:C:831 265 756 976 662 676 245 89 495 819
71:9041:C:799 209 813 798 507 859 677 105 362 867 974 22
456:4771:V:773 752
26:7164:V:554 307 151 232 795 406 921 818 426 872 270 953 230 190
55:9118:C:434
322:6036:C:800 786 220 642 172 70 931
82:4881:V:
888:4170:C:253 245 115 21 693 182 911 574 840 727 856 189 746
921:8050:C:568 191 45 42 820 368 129 440 815
371:2566:V:245 826 155 738
497:4135:V:78 949 46
467:3112:C:647 817
295:230:V:647 446 13 239 727 141
310:7713:C:
744:7166:C:792 273 413 990 743 151 878 415 679 5 445 172 94 548
239:771:C:177 34 769 509 970 331
15:4127:V:979 91
981:147:C:
251:1137:V:98 343
897:3213:V:234 563 950 509 486 260
637:6983:C:579 923 520 896 513 468 811 719 427 608 961 924 434 423
969:6602:V:82
420:3765:V:695 198
503:7183:C:515
942:2284:C:483 310
939:281:V:731 343
848:7334:V:569 224 286 90
423:8495:C:
172:47:V:4 951 626 534 949 969
118:5975:V:317 155 647 231 138 177 916 407
701:6857:C:957 880 140 646 949 965
735:617:V:626 383
169:1924:C:619 147 385 149
475:2217:V:
9:3286:C:324 78 851
449:9738:C:367 108 762 771 947 740 477 721 966 326 222 387 50 88 43 542 674 536 596 209 715 882 751 174 760 859 544 120 124 146 808 404 936 366 594 516 988 605 313
705:2132:V:972 896 662 7 194 642 168 380 820 158 694 298
354:6881:C:252 305 794 662 25 726 845 368 952
912:1879:V:99
867:9764:C:111 292 164 940 851 913 96
275:4675:V:205
879:535:V:79
133:2438:V:741 155
892:1003:C:33 91
672:1264:V:29 551
80:1582:C:195 464 115 198
977:1720:V:984 588 513 781 826 381 583 550 929 913 893
76:2680:V:77 908 279
355:8844:V:927 23 5 708 545 789 586 840 935 622
271:3559:V:
461:6151:C:795 804 285 5 531 180
246:6795:V:654 784 325 420 764
621:7967:C:
143:5756:V:625 204 909 919
117:8085:C:147 431 55 622 552
970:8890:V:963
268:3623:C:208 352 555 376 226 643 970 672 126 863 197
248:4455:C:998 230 879 652 862 365
418:5960:C:296
44:7349:V:873 444 427 164 482 678
191:7311:V:459 519 256
877:7423:V:199 266 485 300 840 989
844:550:C:971 513 818 612 25 556 167
13:410:C:478 949
209:144:V:507 930 80 914 101 320 531 231 904 845 863 203
125:9025:C:606 647 416 61 754 475
427:4593:V:730 718 141 847
555:3440:C:473 158
352:9433:V:755 912 695 616 29
622:424:V:95
535:8799:C:987 313 635 788 777
671:4656:V:298
603:5437:V:0 841
293:3519:V:375 192
738:9855:C:
45:2340:V:525 180 862 812
740:5259:V:447 477 721 217 326 528 559 518 517 222 73 163 287 216 917 641 225 316 688 943 346 417 878 776 712 410 580 729 690 428 194 139 128 739 369
936:4766:C:263 786 67 428 433
401:2918:C:356 281 492 709 546 105 734 468 605
471:2984:C:843 437 469 441 450
678:9620:C:
604:261:V:1 909 793 117 854 122 96
839:7398:C:378 352 506 856
242:9547:V:936 265 299 811 314 111 754 968
889:9741:V:621 736 747 752
160:694:V:636 356 868 744 792 798 656 530 307 415 422 27 618 809 955 302 182 555 6
911:348:C:173
74:5689:V:220 348 9 167
5:5430:V:371 408 210 707 276 261 605 130 237 624
319:6276:C:
28:7882:C:951 697 237
948:2760:V:606 231 642 153 698
684:6358:C:906 626 46
569:581:C:757 595 516 708 74 786 803 995 376 454 648
706:3986:V:950 297
130:241:V:63
779:5167:V:816 291 861 744 546 656 5 516 708 371 259 60 560
722:4461:C:893 202
204:5057:C:45 352 548 6
148:5748:V:498
739:1337:C:436
58:3003:C:
778:7248:C:194 483 889 731 297
930:4571:V:80 442 223 789 220
416:4968:V:577 327
860:8297:V:643 534
650:8515:V:
91:7201:C:
627:2719:V:551
776:8639:C:774 533 794 921 567 575 755 286
219:920:C:812
400:1022:C:332 318 399 427 292
367:9939:C:178 476 108 762 84 11 771 947 477 326 559 518 465 639 387 846 73 213 791 857 799 792 14 645 623 878 948 466 317 826 986 293 619 480 978
370:1838:V:
99:5298:V:
544:8676:C:656 263 810 676 888 728 1 980 381 310 686 847 382
389:7474:V:
664:5633:C:953 172 609
669:9733:C:924 82
682:8565:V:
53:4015:C:85 649
397:7495:C:937 863
347:9315:V:980 944 152 730 147 497 901
37:621:C:
767:333:C:39 339 152 441 874 908 196
814:4996:V:118 980 182 358 475 38
194:6660:C:913
328:5352:V:732 102 862 752
57:2619:V:342 299 295 920 360 706 207 999 797
479:7507:C:225 425 373 776 712 1 708 765 944
726:1066:V:995 737 593 102 573 340 512
229:2797:C:472 232 221 579 651 64 156 89 114 503 457
819:8610:C:
210:4792:C:208 402 995 578 879 509 970
920:2008:C:832 56 880 669 145
457:6332:V:551
516:4163:C:627 429 344 951 963 46 815
837:5164:C:655 364 592 506
971:3054:V:320 411 65 773
483:4892:V:226 486
625:8915:C:786 737 944 754 409 937
256:2725:V:22
1:7848:V:809 170 521 826 797 885 951 15
25:7386:C:261 802 122 201
599:1126:C:39 520 728 595 435 640 738 824
950:8954:V:986 586 177 389 847
941:1340:V:291 227 290 412 859 990 92 121 749 415 414 837 920 277 207 428 28 737 126 456
317:1921:C:10 448 397 862
436:6782:V:
598:4150:V:510 231 912 836 482
234:7394:V:440
590:7715:C:317 609 139 787 753 965
21:6137:C:364 210 246 532 77
825:2042:V:
383:9479:C:964
607:8647:V:210 220 525 137 577 933 964
8:2354:C:914 883 223 263 565 72 516 925 485 586 710
34:6825:C:375 343
85:1237:C:643 15 527
540:3433:V:267
212449
233300
207439
297009
242803
74871
264236
76059
231622
236519
207269
261155
225891
265471
240449
265937
294597
222314
80568
225103
278266
264124
289456
209603
214714
255571
29566
213133
239231
232304
224052
271998
272353
267202
284627
242025
227449
286171
294449
220428
272518
297868
251010
294645
226828
253853
241216
11241
257440
273061
291787
256300
244765
251220
260029
265920
247094
219448
262143
219816
273810
254736
266782
58221
247088
220738
285464
225945
211423
284883
216678
214850
248331
244485
214976
274823
223649
78355
223036
227973
222106
233552
272591
240037
214760
10762
280860
40839
285974
247869
30820
241626
284427
230980
260501
266230
284558
251856
209571
210285
