100
72:416:C:19
58:5:C:
79:1:C:2 51 69 18
36:791:V:52 95
10:211:V:86 62
21:939:V:82 1 73 26 44
85:821:C:4
60:605:V:9
73:379:V:24 26 3 12
39:75:C:
26:494:C:44 10 94 98 86 52 53
40:109:C:17 12 50
51:126:C:32 16 66
54:819:V:
86:63:V:58 40 97
2:153:V:
35:141:C:
49:922:C:51 38 14 48 42 36 43 18 8
93:563:V:49 69 29 92 39 54 50
4:778:C:
15:774:V:
16:866:V:66 58 71 35 39 96 17 30
65:515:C:98 91 57 20 40 43
44:452:C:47 32 65 36 80 96
66:105:V:19
61:5:V:26 2 59 98 91 3 36 80
84:734:V:78 81 21 93 82 1 0 44 76 79 47 92 36
97:340:V:
80:464:V:52 96
74:751:V:
68:705:C:
41:162:C:
5:327:V:68
24:671:C:26 66 77 55
25:486:V:84 78 81 93 22 26 44 88 60 3 58 71 8 83
23:485:C:35 5 53
30:69:V:
82:885:V:73 24 48 13 3 86 62 77
31:486:C:80 64 6
64:823:V:
20:445:V:
42:758:V:56 62 67 80 43 7
37:907:C:4
3:258:C:
12:673:C:
7:38:C:
95:721:C:
19:249:V:
89:585:V:30
6:56:C:
47:73:V:16 69 86 92 39 17 55 50
71:334:C:95 8 41
14:105:V:65 29 46
18:147:C:17 77 89 46
17:414:V:89
27:513:V:
55:269:V:12
1:981:C:61 24 14 16 60 31 13 62 23 75 70 83
53:540:C:12
92:699:C:75 72 70
77:996:V:
52:915:V:
91:346:V:45 77 27
8:348:V:
94:365:C:87 45 77 9
96:765:V:
57:491:V:31 58 80
99:749:V:84 78 81 82 1 22 61 24 14 16 36 74
45:835:V:40 37 68
81:133:C:21 1 24 94 66 29 87 15 53 41
62:537:V:43 6
76:616:C:56
28:272:V:
83:641:V:
0:13:V:61 47 51 32 94 20 58 23 54 85
11:207:C:19
70:276:C:53
46:958:C:
48:849:V:42 87 39 5
75:218:V:68 19
98:710:V:13 92 40 52 54
43:716:C:52 46
22:181:V:0 76 34 28 30
56:247:V:71
9:204:C:
50:87:V:
38:478:V:48 66 15 11 41
13:22:V:5
32:777:C:16 3
29:802:V:31 4 68
78:173:C:81 93 1 61 47 14 32 71
69:831:C:59 46
87:412:V:31 63 54
90:20:C:95 46
34:175:C:45
63:106:V:92 18 90
59:365:V:40 72
33:71:V:25 99 84 78 81 93 47 10 32 57
67:464:C:71 27
88:810:V:86 62 43 15 53 64
7453
8125
8689
567
8246
6779
1988
5807
7860
6128
699
7541
7306
7014
6761
6826
6654
8634
8632
8280
6672
7270
8293
6584
6839
7586
2282
8346
7222
6097
6292
8241
6269
5914
6458
7657
8932
7643
7861
6508
7462
6970
8716
7450
7357
6178
7850
6395
6606
5978
6322
1400
2276
5980
1307
6586
7115
6665
8922
7940
6434
5689
8677
7297
7175
7302
8661
7753
6467
7150
