576.3346862316578
783.2997537497201
909.5589881352138
Impossible
810.3872845310052
365.90696222291604
Impossible
62.44146113019045
703.4030596315954
162.66000624414613
Impossible
603.8089291289416
530.4402123009678
439.27567905088983
360.28723072119885
380.5807055885108
326.88104901654697
897.2464741437207
896.7987463622118
817.9986568166555
332.50078051826415
519.2007492975335
820.908887396463
305.0265376209803
384.63940056197316
617.8582578832345
Impossible
832.7736736064472
504.2147986262878
152.98157976896658
213.8620043709023
809.267965077233
206.68123634093038
95.84764283484233
265.6884171089604
640.0249765844521
963.9579135885382
635.6540743053388
703.7152669372463
281.298782391508
579.1445519825164
425.5385576022479
915.6033131855831
575.3980643147049
546.3627848891664
178.27037152669374
700.2809865750859
246.01935685295035
311.8950983453013
115.82891039650329
223.22822354043086
Impossible
Impossible
116.45332500780518
Impossible
305.65095223228224
470.808616921636
330.3153293787075
961.719274680994
728.3796440836716
258.1954417733375
25.600999063378083
906.8726214461607
527.6303465501093
489.5410552606931
529.191383078364
903.29079919409
669.9968779269435
268.4982828598189
481.7358726194193
